163
154
181
0
178
154
154
0
183
154
154
0
178
154
163
175
175
0
175
181
154
181
0
154
0
154
163
163
181
0
175
178
0
0
175
154
154
175
181
154
0
163
163
178
163
154
178
154
178
163
0
175
178
181
183
178
163
154
175
175
0
0
175
181
163
175
178
0
178
178
178
154
0
163
0
175
178
154
0
0
154
181
154
175
0
0
154
0
183
175
175
154
178
175
163
154
181
154
154
0
175
163
154
0
163
154
154
0
163
181
178
181
175
154
163
178
163
0
181
178
181
178
181
163
163
154
0
154
154
154
163
175
175
181
178
183
178
183
154
154
0
0
181
163
178
0
154
178
0
178
181
181
0
154
183
0
175
183
183
175
178
175
163
183
0
183
0
183
0
178
0
183
183
175
175
176
183
178
181
183
181
183
183
