6376 1
6377 2
6378 3
6379 4
6380 5
6381 6
6382 7
6383 8
6384 9
6385 10
6386 11
6387 12
6388 13
6389 14
6390 15
6391 16
6392 17
6393 18
6394 19
6395 20
6396 21
6397 22
6398 23
6399 24
6400 25
6401 26
6402 27
6403 28
6404 29
6405 30
6406 31
6407 32
6408 33
6409 34
6410 35
6411 36
6412 37
6413 38
6414 39
6415 40
6416 41
6417 42
6418 43
6419 44
6420 45
6421 46
6422 47
6423 48
6424 49
6425 50
6426 51
6427 52
6428 53
6429 54
6430 55
6431 56
6432 57
6433 58
6434 59
6435 60
6436 61
6437 62
6438 63
6439 64
6440 65
6441 66
6442 67
6443 68
6444 69
6445 70
6446 71
6447 72
6448 73
6449 74
6450 75
6451 76
6452 77
6453 78
6454 79
6455 80
6456 81
6457 82
6458 83
6459 84
6460 85
6461 86
6462 87
6463 88
6464 89
6465 90
6466 91
6467 92
6468 93
6469 94
6470 95
6471 96
6472 97
6473 98
6474 99
6475 100
6476 101
6477 102
6478 103
6479 104
6480 105
6481 106
6482 107
6483 108
6484 109
6485 110
6486 111
6487 112
6488 113
6489 114
6490 115
6491 116
6492 117
6493 118
6494 119
6495 120
6496 121
6497 122
6498 123
6499 124
6500 125
6501 126
6502 127
6503 128
6504 129
6505 130
6506 131
6507 132
6508 133
6509 134
6510 135
6511 136
6512 137
6513 138
6514 139
6515 140
6516 141
6517 142
6518 143
6519 144
6520 145
6521 146
6522 147
6523 148
6606 149
6608 150
6609 151
6611 152
6613 153
6614 154
6615 155
6616 156
6617 157
6619 158
6620 159
6621 160
6623 161
6624 162
6625 163
6626 164
6627 165
6630 166
6631 167
6632 168
6633 169
6634 170
6635 171
6636 172
6640 173
6641 174
6642 175
6643 176
6644 177
6645 178
7805 179
7806 180
7808 181
7809 182
7812 183
