109
10
140
140
140
10
10
88
140
10
139
140
139
70
140
70
70
140
140
140
140
140
140
139
139
140
70
140
140
140
140
139
140
10
140
140
140
140
140
139
139
140
109
139
140
139
70
140
139
109
140
140
139
139
140
70
140
10
140
140
140
88
140
70
140
140
139
139
139
70
139
140
139
140
140
139
140
140
140
140
140
140
10
140
140
139
140
88
139
140
140
140
140
140
140
139
140
139
139
140
140
140
139
139
140
140
139
139
109
10
140
140
70
140
139
140
140
140
140
140
140
140
140
140
109
10
139
139
10
140
140
139
70
139
139
139
139
140
139
140
140
140
140
140
140
140
140
140
140
140
140
140
153
139
153
139
160
139
140
160
139
140
140
139
140
140
160
139
10
140
140
139
140
70
140
139
139
139
140
139
140
139
139
