16 1
17 2
78 3
96 4
190 5
216 6
3001505 7
3001520 8
3001551 9
3001579 10
3001601 11
3001622 12
3001631 13
3001646 14
3001659 15
3001698 16
3001699 17
3001728 18
3001762 19
3001768 20
3001778 21
3001859 22
3001954 23
3002843 24
3002910 25
100000014 26
100000037 27
100000955 28
100000963 29
100001030 30
100001040 31
100001113 32
100001172 33
100001178 34
100001389 35
100001390 36
100001402 37
100001403 38
100001406 39
100001407 40
100001408 41
100001409 42
100001412 43
100001413 44
100001416 45
100001417 46
100001419 47
100001420 48
100001421 49
100001422 50
100001423 51
100001424 52
100001425 53
100001426 54
100001429 55
100001430 56
100001431 57
100001433 58
100001434 59
100001436 60
100001439 61
100001440 62
100001442 63
100001445 64
100001447 65
100001448 66
100001450 67
100001451 68
100001463 69
100001465 70
100001468 71
100001472 72
100001476 73
100001512 74
100001522 75
100001538 76
100001575 77
100001597 78
100001599 79
100001601 80
100001603 81
100001606 82
100001609 83
100001610 84
100001614 85
100001615 86
100001616 87
100001617 88
100001622 89
100001623 90
100001626 91
100001628 92
100001629 93
100001631 94
100001634 95
100001635 96
100001636 97
100001637 98
100001640 99
100001645 100
100001648 101
100001655 102
100001657 103
100001658 104
100001659 105
100001661 106
100001662 107
100001664 108
100001667 109
100001671 110
100001676 111
100001677 112
100001678 113
100001682 114
100001683 115
100001690 116
100001695 117
100001697 118
100001699 119
100001702 120
100001703 121
100001704 122
100001707 123
100001708 124
100001709 125
100001710 126
100001712 127
100001713 128
100001715 129
100001716 130
100001719 131
100001722 132
100001724 133
100001725 134
100001727 135
100001729 136
100001730 137
100001731 138
100001735 139
100001736 140
100001741 141
100001746 142
100001748 143
100001755 144
100001758 145
6376 146
6377 147
6378 148
6379 149
6380 150
6381 151
6382 152
6383 153
6384 154
6385 155
6386 156
6387 157
6388 158
6389 159
6390 160
6391 161
6392 162
6393 163
6394 164
6395 165
6396 166
6397 167
6398 168
6399 169
6400 170
6401 171
6402 172
6403 173
6404 174
6405 175
6406 176
6407 177
6408 178
6409 179
6410 180
6411 181
6412 182
6413 183
6414 184
6415 185
6416 186
6417 187
6418 188
6419 189
6420 190
6421 191
6422 192
6423 193
6424 194
6425 195
6426 196
6427 197
6428 198
6429 199
6430 200
6431 201
6432 202
6433 203
6434 204
6435 205
6436 206
6437 207
6438 208
6439 209
6440 210
6441 211
6442 212
6443 213
6444 214
6445 215
6446 216
6447 217
6448 218
6449 219
6450 220
6451 221
6452 222
6453 223
6454 224
6455 225
6456 226
6457 227
6458 228
6459 229
6460 230
6461 231
6462 232
6463 233
6464 234
6465 235
6466 236
6467 237
6468 238
6469 239
6470 240
6471 241
6472 242
6473 243
6474 244
6475 245
6476 246
6477 247
6478 248
6479 249
6480 250
6481 251
6482 252
6483 253
6484 254
6485 255
6486 256
6487 257
6488 258
6489 259
6490 260
6491 261
6492 262
6493 263
6494 264
6495 265
6496 266
6497 267
6498 268
6499 269
6500 270
6501 271
6502 272
6503 273
6504 274
6505 275
6506 276
6507 277
6508 278
6509 279
6510 280
6511 281
6512 282
6513 283
6514 284
6515 285
6516 286
6517 287
6518 288
6519 289
6520 290
6521 291
6522 292
6523 293
6606 294
6608 295
6609 296
6611 297
6613 298
6614 299
6615 300
6616 301
6617 302
6619 303
6620 304
6621 305
6623 306
6624 307
6625 308
6626 309
6627 310
6630 311
6631 312
6632 313
6633 314
6634 315
6635 316
6636 317
6640 318
6641 319
6642 320
6643 321
6644 322
6645 323
7805 324
7806 325
7808 326
7809 327
7812 328
