100001390 6378
100000037 6449
100000037 6509
100000037 6512
100000037 6461
100000037 6428
100000037 6515
3002910 6428
3002910 6443
3002910 6484
3002910 6500
3002910 6379
3002910 6399
3002910 6514
3002910 6520
3002910 6509
3002910 6522
3002910 6523
3002910 6515
3002910 6432
100001178 6424
100001178 6515
100001178 6408
100001178 6380
100001178 6384
100001178 6414
100001178 6396
100001178 6381
100001178 6385
100001178 6393
100001178 6397
100001178 6382
100001178 6378
100001178 6523
100001178 6391
100001178 6518
100001178 6410
100001178 6388
100001178 6417
100001178 6415
100001178 6398
100001178 6489
100001178 6481
100001178 6513
100001178 6400
100001178 6444
100001178 6471
100001178 6493
100001178 6460
100001178 6504
100001178 6496
100001178 6477
100001178 6469
100001402 6423
100001402 6401
100001402 6453
100001402 6482
100001402 6412
100001402 6428
100001402 6408
100001402 6415
100001402 6468
100001402 6485
100001409 6396
100001412 6447
100001412 6401
100001412 6423
100001412 6453
100001412 6482
100001413 6518
100001413 6384
100001413 6397
100001413 6438
100001416 6464
100001416 6515
100001416 6518
100001416 6520
100001416 6379
100001416 6427
100001416 6411
100001416 6434
100001416 6505
100001416 6514
100001416 6406
100001416 6511
100001416 6503
100001416 6462
100001416 6490
100001416 6519
100001416 6474
100001416 6512
100001416 6502
100001407 6515
100001407 6401
100001407 6423
100001407 6453
100001407 6482
100001419 6467
100001419 6412
100001421 6452
100001421 6429
100001421 6512
100001421 6509
100001421 6381
100001421 6404
100001421 6382
100001421 6385
100001421 6411
100001421 6501
100001421 6377
100001421 6433
100001421 6409
100001421 6450
100001421 6430
100001421 6393
100001421 6384
100001420 6523
100001420 6381
100001420 6383
100001420 6382
100001420 6515
100001420 6380
100001420 6447
100001420 6391
100001420 6388
100001420 6506
100001420 6440
100001420 6450
100001420 6458
100001420 6426
100001420 6385
100001420 6403
100001420 6393
100001420 6462
100001420 6501
100001420 6522
100001420 6384
100001423 6455
100001422 6485
100001424 6520
100001424 6515
100001424 6379
100001424 6468
100001424 6406
100001424 6479
100001424 6388
100001424 6465
100001424 6389
100001424 6505
100001424 6511
100001424 6401
100001426 6426
100001426 6475
100001426 6427
100001426 6414
100001430 6421
100001429 6445
100001429 6398
100001429 6448
100001429 6428
100001429 6496
100001429 6468
100001429 6435
100001429 6416
100001431 6489
100001413 6432
100001413 6509
100001413 6436
100001413 6393
100001413 6426
100001413 6403
100001433 6391
100001433 6445
100001433 6488
100001433 6508
100001433 6475
100001433 6513
100001433 6465
100001433 6449
100001433 6385
100001433 6388
100001433 6514
100001433 6491
100001433 6441
100001433 6498
100001433 6476
100001433 6496
100001433 6470
100001433 6474
100001433 6479
100001433 6523
100001433 6515
100001433 6482
100001433 6518
100001436 6453
100001436 6482
100001436 6449
100001436 6457
100001436 6441
100001436 6503
100001436 6496
100001436 6470
100001436 6474
100001436 6515
100000037 6514
100001439 6412
100001439 6456
100001439 6467
100001439 6478
100001439 6401
100001439 6423
100001439 6453
100001439 6482
100001403 6518
100001403 6474
100001403 6496
100001403 6414
100001403 6427
100001403 6475
100001403 6415
3001520 6441
100001408 6515
100001408 6393
100001412 6515
100001429 6442
3001579 6518
3001579 6475
3001579 6401
3001579 6476
3001579 6491
3001579 6389
3001579 6395
3001579 6520
3001579 6434
3001579 6513
3001579 6445
3001579 6381
3001579 6494
3001579 6410
3001579 6451
3001579 6441
3001579 6478
17 6453
100001445 6390
100001447 6401
100001447 6408
100001447 6515
100001408 6403
100001448 6520
100001448 6395
100001448 6388
100001448 6511
100001448 6514
100001450 6515
100001450 6397
100001450 6469
100001450 6477
100001450 6496
100001450 6522
100001450 6523
100001450 6440
100001450 6435
100001450 6480
100001450 6497
100001450 6513
100001450 6438
100001450 6392
100001450 6472
100001450 6487
100001450 6395
100001450 6413
100001450 6491
100001450 6436
100001450 6441
100001450 6454
100001450 6498
100001450 6471
3001579 6397
100001408 6453
100001408 6482
100001408 6430
100001408 6450
100001408 6384
100001389 6427
100001389 6426
100001442 6486
100001442 6474
100001442 6496
100001442 6406
100001442 6413
100001442 6511
100001442 6495
100001442 6476
100001442 6519
100001442 6491
100001442 6494
100001442 6497
100001442 6506
100001442 6478
100001442 6482
100001442 6469
100001442 6479
100001442 6376
100001442 6377
100001442 6379
100001442 6380
78 6520
78 6509
100001178 6445
100001434 6383
100001434 6502
3001859 6518
3001859 6520
3001859 6457
3001859 6481
3001859 6515
3001859 6514
3001859 6411
3001859 6395
3001859 6413
3001859 6491
3001859 6495
3001859 6519
3001728 6388
16 6512
100000037 6630
100001416 6620
3001520 6396
3001520 6487
3001520 6397
3001520 6496
100001417 6515
100001417 6523
100001417 6488
100001417 6445
100001417 6412
100001417 6435
100001417 6480
100001417 6497
100001417 6513
100001417 6411
100001417 6420
100001417 6498
100001417 6462
100001417 6490
100001417 6390
100001417 6506
100001417 6426
100001417 6522
100001417 6466
100001442 6445
3001601 6515
3001601 6519
3001601 6395
3001601 6413
3001601 6491
3001601 6495
3001601 6432
3001601 6518
3001601 6499
3001601 6435
3001601 6480
3001601 6497
3001601 6513
3001601 6642
100000037 6407
100001463 6430
100001463 6382
100001463 6409
100001463 6396
100001463 6481
100001463 6489
100001463 6626
100001463 6388
100001465 6515
100001465 6394
100001465 6427
100001465 6499
100001465 6640
100001468 6427
100001468 6403
100001468 6387
100001468 6417
100001468 6420
100001468 6397
100001468 6496
100001468 6441
3001659 6408
3001659 6466
3001659 6407
100001468 6379
100001468 6462
100001472 6514
100001472 6388
100001472 6399
3001698 6626
100001412 6394
100001412 6440
100001412 6449
100001412 6499
100001412 6436
100001412 6441
100001412 6454
100001412 6498
100001412 6379
100001412 6476
100001412 6486
100001412 6494
100001412 6378
100001412 6470
100001412 6474
100001412 6479
100001412 6459
100001412 6466
100001412 6609
100001412 6621
100001412 6627
100001412 6631
100001412 6633
100001412 6634
100001412 6635
100001412 6640
100001412 6641
100001476 6430
100001476 6500
100001476 6403
100001476 6387
100001476 6417
100001476 6420
100001476 6393
100001476 6450
100001476 6384
100001476 6484
100001476 6425
100001476 6376
100001476 6520
17 6509
100001463 6636
100001463 6398
100001463 6454
100001113 6376
100001113 6377
100001113 6378
100001512 6427
100001512 6489
100001512 6519
100001512 6518
100001512 6384
100001512 6388
100001402 6456
100001402 6631
100001402 6399
100001402 6395
100001402 6471
100001402 6407
100001402 6496
100001402 6523
100001448 6401
100001448 6482
100001448 6414
100001448 6427
100001448 6475
100001448 6394
100001448 6499
100001448 6440
190 6376
100001538 6411
100001538 6385
100001538 6382
100001538 6501
100001538 6409
100001538 6433
100001538 6377
100001538 6504
100001538 6388
100001538 6490
100001538 6482
100001538 6450
100001538 6412
100001538 6456
100001538 6478
100001538 6428
100001538 6458
100001538 6442
100001538 6470
100001538 6474
100001538 6514
100001113 6387
100001113 6420
100001113 6459
100001030 6515
100001030 6457
100001030 6465
100001030 6441
100001030 6498
100001030 6454
100001030 6436
100001030 6519
100001030 6378
100001030 6470
100001030 6474
100001030 6479
100001030 6522
100001030 6523
100001407 6514
100001472 6515
17 6401
17 6512
3002843 6401
3002843 6428
3002843 6427
3002843 6426
3002843 6435
100001447 6475
3001954 6515
3001954 6514
3001954 6520
3001954 6511
3001954 6505
3001954 6380
3001954 6443
3001954 6506
3001954 6478
3001954 6494
3001954 6522
3001954 6384
3001954 6394
3001954 6430
3001954 6399
3001954 6392
3001954 6481
3001954 6495
3001954 6393
100001603 6508
100001603 6488
100001603 6391
100001603 6445
100001603 6606
100001603 6457
100000014 6392
100000014 6382
100000014 6449
100000014 6401
100000014 6414
100000014 6379
100000014 6462
100000014 6465
100000014 6473
100000014 6468
100000014 6470
100000014 6475
100000014 6511
100000014 6479
100000014 6477
100000014 6496
100000014 6523
100000014 6515
100001440 6426
100001440 6475
100001426 6515
100001413 6462
100001413 6390
100001413 6492
100001413 6496
100001413 6515
100001413 6478
100001413 6419
100001413 6457
100001413 6441
100001413 6498
100001413 6454
100001413 6401
100001413 6423
100001609 6515
100001609 6516
100001609 6517
100001610 6478
100001610 6411
100001610 6388
100001610 6515
100001610 6514
100001610 6385
3001601 6624
3001601 6472
3001601 6487
100001610 6399
100001610 6520
100001610 6470
100001614 6450
100001614 6423
100001614 6401
100001614 6482
100001614 6414
100001614 6427
100001614 6449
100001614 6499
100001614 6419
100001614 6457
100001614 6465
100001614 6485
100001615 6443
100001615 6428
100001615 6514
100001615 6406
100001615 6503
100001615 6388
100001615 6468
100001615 6378
100001615 6479
100000955 6515
100000955 6393
100000955 6430
100000955 6450
100000955 6384
100000955 6412
100000955 6456
100000955 6467
100000955 6478
100000955 6376
100000955 6425
100000955 6484
100000955 6500
3001631 6422
3001631 6519
3001631 6396
3001631 6398
3001631 6481
3001631 6441
3001631 6389
3001631 6413
3001631 6491
3001631 6494
3001631 6454
3001631 6457
3001631 6490
3001631 6497
100001616 6376
100001617 6441
100001617 6472
100001617 6496
100001617 6424
100001617 6508
100000955 6403
100000955 6387
100000955 6417
100000955 6395
100000955 6413
100000955 6491
100000955 6495
100000955 6409
100000955 6433
100000955 6377
100000955 6504
100000955 6521
100000955 6378
100000955 6470
100000955 6474
100000955 6479
100000955 6522
100000955 6523
100001609 6380
100001609 6422
100001609 6460
100001609 6388
100001609 6521
100001609 6407
100001609 6439
100001609 6446
100001609 6431
3001631 6395
3001631 6498
3001631 6435
3001631 6513
3001631 6617
3001631 6479
100001575 6391
100001575 6394
100001575 6415
100001575 6408
100001575 6497
100001575 6514
100001575 6487
100001575 6436
100001575 6439
100001622 6518
100001622 6380
100001622 6391
100001622 6388
100001622 6441
100001622 6404
100001622 6424
100001622 6396
100001622 6415
100001622 6402
100001622 6407
100001622 6440
100001622 6399
100001622 6392
100001622 6411
100001622 6397
100001622 6477
100001622 6472
100001622 6476
100001622 6460
100001622 6478
100001622 6469
100001623 6630
100001623 6393
100001623 6613
100001623 6438
100001623 6384
100001623 6387
100001623 6398
100001623 6496
100001623 6397
100001623 6494
100001623 6425
100001623 6455
100001623 6456
100001623 6450
100001623 6430
100001623 6515
100001623 6467
100001623 6493
100001623 6462
100001623 6390
100001623 6409
100001623 6433
100001623 6377
100001623 6410
100001623 6523
100001623 6417
100001626 6401
100001626 6470
100001626 6395
100001626 6518
100001626 6427
100001626 6396
100001626 6457
100001626 6399
100001626 6505
100001626 6510
100001626 6406
100001626 6503
100001626 6386
100001626 6471
100001626 6380
100001626 6388
100001626 6496
100001626 6477
100001626 6378
100001626 6381
100001626 6410
100001626 6515
100001626 6514
100001628 6440
100001628 6619
100001628 6520
100001628 6388
100001628 6389
100001628 6391
100001628 6395
100001628 6406
100001628 6480
100001628 6512
100001434 6399
100001628 6431
100001628 6446
100001628 6445
100001406 6453
100001406 6482
100001406 6393
100001406 6430
100001406 6478
100001406 6449
100001406 6419
100001406 6457
100001406 6485
100001406 6465
100001406 6399
100001406 6505
100001406 6514
100001406 6498
100001406 6436
100001406 6441
100001406 6454
100001406 6462
100001406 6388
100001406 6377
100001406 6433
100001406 6378
100001406 6470
100001406 6479
100001406 6474
100001406 6404
100001406 6451
100001406 6507
100001406 6510
100001599 6432
100001599 6499
100001599 6440
100001599 6480
100001599 6376
100001599 6425
100001599 6484
100001599 6500
100001599 6449
100001599 6625
100001599 6403
100001416 6399
100001629 6475
3001551 6515
3001551 6523
3001551 6522
3001551 6462
3001551 6390
3001551 6490
3001551 6506
3001551 6399
3001551 6505
3001551 6514
3001551 6510
3001551 6406
3001551 6464
3001551 6511
3001551 6503
3001551 6416
3001551 6437
3001551 6432
3001551 6463
3001551 6465
3001551 6455
3001551 6458
3001551 6442
3001551 6483
3001551 6477
3001551 6496
3001551 6469
3001551 6397
3001551 6428
100001439 6515
100001439 6614
100001439 6415
100001439 6396
100001439 6481
100001439 6489
100001439 6389
100001439 6385
100001439 6382
100001439 6411
100001439 6501
100001439 6399
100001439 6505
100001439 6514
100001439 6503
100001439 6386
100001439 6471
100001439 6421
100001439 6504
100001439 6433
100001439 6377
100001439 6462
100001439 6458
100001439 6474
100001439 6473
100001439 6522
100001439 6447
100001439 6381
100001634 6515
100001634 6416
100001634 6437
100001634 6432
100001634 6463
100001634 6405
100001634 6440
100001634 6475
100001634 6523
100001634 6403
100001634 6387
100001635 6512
100001635 6509
100001635 6452
100001635 6523
100001635 6522
100001635 6495
100001635 6436
100001635 6462
100001635 6515
100001434 6384
100001635 6497
100001635 6521
100001635 6401
100001635 6449
100001635 6510
100001635 6441
100001636 6453
100001636 6443
100001636 6405
100001636 6428
100001636 6484
100001636 6500
100001636 6617
100001636 6621
100001636 6631
100001636 6399
100001636 6514
100001636 6406
100001636 6503
100001636 6490
100001636 6470
100001636 6410
100001626 6520
100001626 6498
100001626 6385
100001626 6424
100001640 6515
100000955 6419
100000955 6465
100000955 6501
100001599 6515
100001599 6417
100001599 6420
100001599 6386
100001599 6421
100001599 6402
100001599 6418
100001599 6519
100001599 6390
100001599 6490
100001599 6506
100001599 6477
100001599 6470
100001599 6492
100001599 6447
100001648 6515
100001648 6401
100001648 6427
100001648 6440
100001648 6428
100001648 6426
100001648 6457
100001648 6497
100001648 6438
100001648 6434
100001648 6487
100001648 6395
100001648 6441
100001648 6413
100001648 6491
100001648 6495
100001648 6494
100001648 6486
100001648 6476
100001648 6379
100001648 6469
100001648 6470
100001648 6496
100001648 6447
100001648 6522
100001648 6523
3001505 6453
3001505 6515
100001657 6515
3001762 6480
100001661 6515
100001661 6490
100001661 6390
100001661 6488
100001661 6435
100001661 6497
100001661 6513
100001661 6466
100001661 6480
100001659 6608
100001659 6620
100001659 6401
100001661 6404
96 6434
96 6406
96 6444
100001662 6518
100001606 6515
96 6469
100001637 6397
100001637 6482
96 6512
96 6515
100001667 6515
100001645 6392
100001645 6461
100001645 6400
100001645 6385
100001645 6444
100001645 6409
100001645 6380
100001645 6504
100001645 6458
100001645 6442
100001645 6452
100001645 6451
100001645 6430
100001645 6450
100001645 6449
100001645 6475
100001645 6485
100001645 6500
100001645 6467
100001433 6522
100001658 6515
3001859 6512
216 6445
216 6391
216 6488
216 6508
216 6394
216 6427
216 6513
216 6497
216 6480
216 6435
216 6617
216 6621
216 6642
216 6515
216 6399
216 6392
216 6411
216 6406
216 6495
216 6441
216 6476
216 6490
216 6494
216 6519
216 6469
216 6496
216 6466
216 6522
216 6523
100001677 6470
100001677 6520
100001677 6386
100001677 6377
100001677 6402
100001677 6381
100001678 6401
100001678 6423
100001678 6432
100001678 6482
100001678 6463
100001676 6515
100001676 6401
100001676 6445
100001676 6432
100001676 6428
100001676 6520
100001676 6419
100001676 6480
100001676 6389
100001676 6514
100001676 6510
100001676 6434
100001676 6424
100001676 6444
100001676 6491
100001676 6495
100001676 6380
100001676 6422
100001676 6388
100001676 6446
100001676 6442
100001676 6512
100001676 6431
100001676 6522
100001676 6523
100001425 6514
100001425 6474
100001425 6470
100001425 6511
100001425 6515
100001425 6443
100001425 6428
100001425 6478
100001425 6414
100001425 6484
100001425 6382
100001425 6510
100001425 6406
100001425 6464
100001425 6490
100001425 6429
100001425 6378
100001606 6518
100001678 6515
100001678 6456
3001778 6515
3001778 6453
3001778 6482
3001778 6430
3001778 6412
3001778 6456
3001778 6467
3001778 6478
3001778 6435
3001778 6480
3001778 6497
3001778 6513
3001778 6391
3001778 6405
3001778 6406
3001778 6436
3001778 6462
3001778 6490
3001778 6390
3001778 6451
3001778 6507
3001778 6466
3001778 6459
3001778 6404
3001778 6381
3001778 6523
100001682 6613
100001682 6615
100001682 6485
100001682 6457
100001682 6396
100001682 6516
100001682 6515
100001682 6423
100001682 6430
100001682 6517
100001682 6412
100001682 6456
100001682 6489
100001682 6438
100001682 6382
100001682 6501
100001682 6521
100001682 6377
3001622 6518
3001622 6394
3001622 6440
3001622 6449
3001622 6499
3001622 6435
3001622 6480
3001622 6497
3001622 6513
3001622 6641
3001622 6642
3001622 6515
3001622 6438
3001622 6434
3001622 6472
3001622 6487
3001622 6420
3001622 6495
3001622 6491
3001622 6395
3001622 6519
3001622 6490
3001622 6469
3001622 6496
3001622 6410
3001622 6451
3001622 6507
3001622 6523
100001512 6438
100001512 6509
100001512 6631
100001512 6496
100001512 6418
100001512 6449
100001512 6406
100001512 6397
78 6515
78 6512
78 6429
78 6630
78 6459
100001436 6401
100001436 6423
100001436 6478
100001436 6411
100001436 6406
100001690 6474
100001690 6470
100001690 6384
100001690 6432
100001690 6393
100001690 6611
100001690 6477
100001690 6522
100001690 6492
100001690 6440
100001690 6415
3001768 6426
3001768 6641
3001768 6440
3001768 6400
3001768 6389
3001768 6412
3001768 6498
3001768 6395
3001768 6480
3001768 6451
3001768 6507
3001768 6479
3001768 6514
3001768 6487
3001768 6494
3001768 6401
3001768 6513
3001768 6397
3001768 6402
3001768 6503
3001768 6420
3001768 6444
3001768 6445
3001768 6511
3001768 6413
3001768 6447
3001768 6414
3001768 6465
3001768 6482
3001768 6458
3001768 6441
3001768 6391
3001768 6466
3001768 6518
3001768 6644
3001768 6470
3001768 6473
3001768 6475
3001768 6474
3001768 6421
3001768 6477
3001768 6471
3001768 6459
3001768 6522
3001768 6636
3001768 6388
3001768 6490
3001768 6626
3001768 6392
3001768 6497
3001768 6454
3001768 6435
100001655 6435
100001683 6399
100001683 6514
100001697 6391
100001697 6445
100001697 6488
100001697 6515
100001697 6508
100001697 6408
100001697 6438
16 6424
16 6509
100001512 6399
100001512 6410
100001512 6376
100001699 6401
100001699 6423
100001699 6489
100001699 6385
100001699 6397
100001699 6432
100001699 6482
100001699 6414
100001699 6376
100001699 6457
100001699 6484
100001699 6606
100001699 6609
100001699 6438
100001699 6382
100001699 6400
100001699 6436
100001699 6444
100001699 6493
100001699 6409
100001699 6471
100001699 6433
100001699 6504
100001699 6452
100001699 6477
100001699 6496
100001699 6473
100001699 6466
100001699 6428
100001040 6512
100001695 6515
100001697 6440
100001697 6435
100001697 6497
100001697 6513
100001697 6425
100001697 6487
100001699 6616
100001699 6621
100001697 6491
100001699 6634
100001697 6436
100001697 6380
100001704 6515
100001704 6520
100001704 6445
100001704 6476
100001704 6513
100001704 6379
100001704 6415
100001704 6391
100001704 6397
100001704 6392
100001704 6427
100001704 6424
100001704 6414
100001704 6408
100001704 6521
100001704 6492
100001657 6442
100001707 6427
100001707 6414
100001708 6427
100001707 6484
100001657 6626
100001709 6401
100001709 6423
100001709 6482
100001709 6463
100001709 6450
16 6401
16 6514
100001710 6523
100001710 6401
100001710 6423
100001710 6453
100001710 6482
100001710 6435
100001710 6480
100001710 6497
100001710 6513
100001710 6462
100001710 6390
100001710 6490
100001710 6506
100001657 6393
100001713 6515
100001713 6523
100001713 6405
100001713 6378
100001713 6406
100001713 6401
100001657 6467
100001657 6382
100001657 6487
100001657 6514
100001716 6515
100001610 6414
100001657 6457
100001413 6394
100001424 6496
100001424 6476
100001424 6466
100001424 6407
100001424 6408
100001424 6464
100001424 6450
100001424 6640
100001424 6487
100001424 6423
100001424 6490
100001424 6459
100001424 6469
100001424 6621
100001424 6481
100001424 6611
100001424 6620
100001424 6411
100001413 6452
100001424 6457
100001424 6471
100001424 6399
100001424 6378
100001597 6401
100001597 6423
100001597 6453
100001597 6482
100001597 6412
100001597 6456
100001597 6467
100001597 6478
100001597 6633
100001597 6385
100001597 6382
100001597 6411
100001597 6501
100001597 6441
100001597 6436
100001597 6454
100001597 6498
100001597 6409
100001597 6433
100001597 6377
100001597 6504
100001597 6455
100001597 6458
100001597 6442
100001597 6483
100001597 6383
100001597 6473
100001597 6502
100001655 6422
100001655 6433
100001655 6495
100001655 6387
100001655 6417
100001719 6447
100001719 6459
100001719 6466
100001451 6430
100001451 6453
100001451 6463
100001451 6414
100001451 6419
100001451 6465
100001451 6485
100001451 6412
100001451 6443
100001451 6475
100001704 6508
100001704 6497
100001451 6401
100001671 6393
100001671 6423
100001451 6440
100001451 6499
100001451 6426
100001671 6450
100001451 6457
100001451 6415
100001671 6384
100001603 6515
100001719 6401
100001719 6423
100001719 6432
100001719 6478
100001719 6514
100001635 6432
100001409 6515
100001635 6423
100001719 6386
100001635 6440
100001635 6499
100001635 6520
100001635 6435
100001635 6480
100001635 6513
100001409 6414
100001409 6427
100001409 6475
100001409 6426
100001409 6489
100001409 6481
100001409 6398
100001635 6482
100001635 6414
100001635 6475
100001635 6403
100001635 6472
100001635 6399
100001635 6514
100001703 6518
100001635 6491
96 7805
100001635 6424
100001635 6380
100001703 6412
100001719 6513
100001703 6419
100001635 6476
100001635 6486
100001635 6494
100001719 6435
100001719 6480
100001719 6497
100001635 6447
100001719 6394
100001703 6385
100001719 6440
100001719 6476
100001703 6406
100001719 6462
100001719 6388
100001703 6379
100001719 6490
100001719 6498
100001719 6454
100001719 6421
100001703 6378
100001710 6449
100001719 6399
100001703 6410
100001703 6523
100001719 6420
100001710 6514
100001710 6507
100001710 6512
100001426 6401
100001426 6423
100001426 6453
100001426 6482
100001724 6470
100001724 7808
100001724 6453
100001724 6414
100001724 6399
100001724 6518
100001724 6429
100001724 6404
100001724 6462
100001724 6476
100001724 6491
100001724 6411
100001724 6439
100001724 6382
100001724 6378
100001724 6431
100001724 6482
100001724 6438
100001724 7805
100001724 6388
100001724 6446
100001724 6520
100001724 6434
100001724 6395
100001724 6472
100001724 6496
100001724 6522
100001724 6611
100001724 6498
100001724 6509
100001724 6609
100001724 6413
100001724 6486
100001724 6410
100001724 6494
100001724 6505
100001724 6401
100001724 6391
100001724 6397
100001626 7812
100001725 6515
100001727 6496
100001727 6514
100001727 6470
100001727 6474
100001727 6515
100001727 6401
100001727 6388
100001727 6399
100001727 6441
100001727 6440
100001727 6457
100001727 6379
100001727 6395
100001727 6396
100001727 6422
100001727 6411
100001727 6409
100001727 6406
100001727 6451
100001727 6407
100001727 6427
100001727 6465
100001727 6464
100001727 6414
100001727 6444
100001727 6479
100001727 6503
100001727 6494
100001727 6505
100001727 6475
100001727 6511
100001727 6509
100001727 6423
100001727 6449
100001727 6477
100001409 6518
100001729 6487
100001729 6518
100001729 6467
100001729 6465
100001730 6608
100001729 6513
100001730 6515
100001729 6611
100001730 6393
100001729 6615
100001730 6482
100001729 6617
100001729 6619
100001729 6620
100001730 6430
100001729 6624
100001729 6626
100001722 6482
100001722 6416
100001729 6632
100001729 6636
100001729 6640
100001729 6644
100001729 7809
100001729 7812
100001722 6506
100001722 6522
100001729 6472
100001729 6438
100001729 6392
100001722 6479
100001722 6449
100001729 6464
100001722 6435
100001722 6513
100001729 6511
100001729 6406
100001722 6480
100001722 6388
100001722 6378
100001722 6644
100001722 6487
100001722 6407
100001722 6462
100001722 6500
100001722 6499
100001722 6451
100001722 6446
100001722 6448
100001722 6490
3002910 6388
3002910 6510
100001671 6515
100001724 6423
100001724 6478
100001724 6515
100001172 6518
100001724 6396
100001724 6457
100001724 6485
100001637 6445
100001637 6518
100001724 6415
100001724 6465
100001172 6386
100001172 6474
100001172 6445
100001172 6402
100001172 6439
100001172 6476
100001172 6634
100001172 6431
100001172 6477
100001172 6522
16 7805
100001408 6435
100001408 6419
100001408 6398
100001408 6394
100001408 6440
78 6401
100001408 6427
100001408 6499
100001637 6440
100001637 6414
100001727 6450
100001707 6401
100001707 6463
100001707 6449
100001522 6468
100001699 6515
100001735 6399
96 6445
96 6426
96 6449
96 6440
100001736 6393
216 6459
100001631 6515
100001631 6401
100001736 6427
100001631 6437
100001736 6449
100001631 6463
100001736 6520
100001601 6444
100001736 6419
100001736 6457
100001736 6465
100001736 6468
100001715 6416
100001715 6437
100001715 6432
100001715 6463
100001715 6412
100001715 6456
100001715 6467
100001715 6478
100001715 6419
100001715 6425
100001715 6484
100001715 6500
100001715 6403
100001715 6434
100001715 6514
100001715 6420
100001715 6386
100001715 6471
100001715 6462
100001715 6390
100001715 6490
100001715 6504
100001715 6378
100001715 6470
100001715 6477
100001715 6383
100001715 6473
100001712 6515
100001609 6453
100001609 6401
100001702 6393
100001702 6430
100001702 6450
100001702 6432
100001730 6432
100001609 6445
100001631 6428
100001631 6440
100001631 6499
100001631 6394
100001631 6396
100001631 6465
100001522 6453
100001712 6401
100001442 6522
100001442 6477
100001442 6454
100001676 6423
100001676 6508
100001676 6497
100001676 6468
100001676 6608
100001676 6621
100001676 6623
100001676 6634
100001676 6645
100001417 6401
100001640 6389
100001640 6496
100001637 6426
100001637 6457
100001637 6419
100001172 6414
100001172 6427
100001172 6475
100001172 6426
100001172 6449
100001640 6428
100001172 6499
100001640 6427
100001712 6423
100001609 6414
100001609 6427
100001730 6440
100001609 6449
100001730 6412
100001730 6499
100001730 6520
100001609 6428
100001610 6443
100001610 6428
100001746 6520
100001746 6445
100001746 6508
100001746 6435
100001746 6497
100001746 6513
100001746 6395
100001746 6413
100001746 6491
100001746 6495
100001746 6519
100001746 6476
100001746 6486
100001472 6414
100001406 6414
100001406 6456
100001746 6498
100001746 6494
100001634 6426
100001634 6376
100001634 6425
100001634 6484
100001634 6500
100001712 6426
100001731 6435
100001731 6457
100001731 6513
100001730 6457
100001730 6465
100001730 6513
100001730 6497
100001730 6435
100001601 6396
100001512 6484
100001631 6468
100001748 6496
100001748 6397
100001748 6477
100001748 6522
3001622 6494
3001622 6445
3001622 6465
78 7805
78 7812
3001699 6465
78 6514
3001699 6475
3001699 6426
3001699 6457
3001699 6414
3001699 6427
3001699 6419
3001699 6485
100001426 7809
100001426 6644
100001702 6403
100001702 6387
100001702 6417
100001702 6411
100001702 6501
100001702 6421
100001731 6507
100001731 6496
100001731 6397
100001741 6390
100001741 6384
100001741 6386
100001741 6381
100001741 6387
100001741 6377
100001741 6388
100001741 6382
100001741 6389
100001741 6391
100001741 6378
100001741 6385
100001741 6379
100001741 6380
100001741 6376
100001741 6383
100001741 6400
100001741 6393
100001741 6396
100001741 6404
100001741 6405
100001741 6398
100001741 6399
100001741 6403
100001741 6402
100001741 6394
100001741 6392
100001741 6401
100001741 6397
100001741 6395
100001741 6409
100001741 6410
100001741 6416
100001741 6414
100001741 6411
100001741 6413
100001741 6417
100001741 6406
100001741 6412
100001741 6407
100001741 6415
100001741 6408
100001741 6421
100001741 6428
100001741 6427
100001741 6429
100001741 6423
100001741 6419
100001741 6422
100001741 6418
100001741 6420
100001741 6424
100001741 6426
100001741 6425
100001741 6438
100001741 6434
100001741 6435
100001741 6432
100001741 6436
100001741 6433
100001741 6437
100001741 6430
100001741 6440
100001741 6439
100001741 6441
100001741 6431
100001741 6446
100001741 6452
100001741 6453
100001741 6444
100001741 6449
100001741 6450
100001741 6447
100001741 6445
100001741 6448
100001741 6454
100001741 6443
100001741 6455
100001741 6451
100001741 6442
100001741 6460
100001741 6464
100001741 6469
100001741 6456
100001741 6462
100001741 6467
100001741 6461
100001741 6466
100001741 6468
100001741 6465
100001741 6458
100001741 6459
100001741 6457
100001741 6463
100001741 6478
100001741 6472
100001741 6474
100001741 6475
100001741 6473
100001741 6480
100001741 6479
100001741 6477
100001741 6476
100001741 6483
100001741 6482
100001741 6471
100001741 6481
100001741 6470
100001741 6494
100001741 6495
100001741 6489
100001741 6493
100001741 6484
100001741 6485
100001741 6492
100001741 6486
100001741 6488
100001741 6491
100001741 6490
100001741 6487
100001741 6501
100001741 6496
100001741 6502
100001741 6506
100001741 6497
100001741 6498
100001741 6499
100001741 6500
100001741 6503
100001741 6507
100001741 6504
100001741 6505
100001741 6512
100001741 6508
100001741 6510
100001741 6509
100001741 6514
100001741 6513
100001741 6511
100001722 6514
100001722 6400
100001172 6487
100001172 6434
100001172 6399
100001172 6505
100001172 6413
100001172 6491
100001172 6498
100001722 6498
100001172 6454
100001172 6494
100001724 6510
100001724 6487
3001659 6436
3001659 6441
3001659 6498
3001659 6462
3001659 6490
3001659 6439
3001659 6446
3001659 6431
3001659 6447
3001659 6459
3001659 6523
100001730 6505
100001730 6403
100001730 6387
100001730 6417
100001730 6420
100001730 6395
100001730 6413
100001730 6491
100001730 6493
100001730 6436
100001730 6441
100001730 6454
100001730 6498
100001730 6455
100001730 6379
100001730 6476
100001730 6486
100001730 6494
100001730 6380
100001730 6460
100001707 6438
100001702 6436
100001702 6454
100001702 6498
100001707 6400
100001702 6462
100001707 6392
100001702 6390
100001702 6506
100001433 6424
100001408 6387
100001408 6417
100001408 6420
100001408 6462
100001634 6472
100001634 6420
100001637 6399
100001637 6505
100001637 6472
100001637 6487
100001634 6436
100001634 6441
100001634 6454
100001637 6436
100001637 6441
100001634 6498
100001637 6454
100001637 6498
100001637 6455
100001637 6380
100001637 6422
100001637 6460
100001637 6388
100001433 6505
100001601 6438
100001601 6387
100001601 6411
100001601 6514
100001601 6487
100001601 6441
3001699 6385
100001601 6454
100001601 6503
3001699 6382
3001699 6411
3001699 6501
100001522 6487
100001746 6438
100001746 6392
100001746 6472
100001746 6487
100001710 6496
100001426 6399
100001426 6505
100001426 6420
100001426 6514
100001601 6434
100001699 6434
3001699 6395
3001699 6413
3001699 6491
100001699 6514
3001699 6495
100001699 6505
3001778 6378
100000963 6424
100001601 6420
100001601 6400
100001710 6466
100001426 6395
100001426 6413
100000963 6511
100001417 6413
100001472 6406
100001417 6386
100001417 6402
100001472 6396
100001472 6478
100001472 6431
100001472 6446
100001472 6470
100001426 6454
100001601 6498
3001699 6462
3001699 6390
3001699 6490
3001699 6506
100001634 6462
100001634 6390
100001634 6460
100001634 6506
100001676 6486
100001408 6380
100001664 6643
100001746 6379
100001426 6460
100001426 6379
100001426 6476
100001699 6410
3001699 6522
3001699 6378
3001699 6479
3001699 6470
3001699 6474
100001722 6466
100001676 6407
100001676 6452
100001730 6522
78 6522
100001702 6429
100001702 6452
100001702 6477
100001702 6522
100001702 6459
100001702 6502
100001634 6397
100001634 6452
100001634 6477
100001634 6496
100001634 6383
100001634 6459
100001634 6492
100001758 7806
100001758 6384
100001758 7812
100001408 6378
100001408 6512
100001408 6470
100001408 6447
100001408 6522
100001408 6381
100001408 6523
100001758 6430
100001758 6474
100001758 6456
100001758 6470
100001758 6506
100001746 6496
100001746 6429
100001746 6439
100001433 6439
100001433 6452
100001433 6429
100001433 6446
100001433 6431
100001699 6429
100001465 6470
100001442 6458
100001408 6474
100001730 6477
100001416 6507
100001408 6483
100001730 6496
3001646 6492
3001646 6473
3001646 6507
100001755 6522
100001699 6451
100001699 6507
100001631 6523
100001448 6474
100001448 6470
100001448 6619
100001448 6510
100001448 6415
