141
141
144
141
141
144
141
141
144
141
141
141
141
141
141
0
144
141
141
144
145
141
144
141
144
145
141
144
141
144
141
141
144
145
141
141
145
145
145
141
144
141
145
145
145
144
141
144
145
141
141
141
145
141
141
141
141
144
145
145
144
141
144
141
141
145
144
145
145
145
141
145
145
145
141
145
141
145
145
141
141
0
141
145
141
141
141
141
141
145
145
141
141
141
145
144
145
141
141
145
144
141
141
0
141
141
0
108
0
145
144
145
145
145
141
144
0
141
141
144
141
141
141
141
141
145
141
141
145
0
141
144
144
0
145
145
144
141
141
141
141
0
144
144
145
