16 1
17 2
78 3
96 4
190 5
216 6
3001505 7
3001520 8
3001551 9
3001579 10
3001601 11
3001622 12
3001631 13
3001646 14
3001659 15
3001698 16
3001699 17
3001728 18
3001762 19
3001768 20
3001778 21
3001859 22
3001954 23
3002843 24
3002910 25
100000014 26
100000037 27
100000955 28
100000963 29
100001030 30
100001040 31
100001113 32
100001172 33
100001178 34
100001389 35
100001390 36
100001402 37
100001403 38
100001406 39
100001407 40
100001408 41
100001409 42
100001412 43
100001413 44
100001416 45
100001417 46
100001419 47
100001420 48
100001421 49
100001422 50
100001423 51
100001424 52
100001425 53
100001426 54
100001429 55
100001430 56
100001431 57
100001433 58
100001434 59
100001436 60
100001439 61
100001440 62
100001442 63
100001445 64
100001447 65
100001448 66
100001450 67
100001451 68
100001463 69
100001465 70
100001468 71
100001472 72
100001476 73
100001512 74
100001522 75
100001538 76
100001575 77
100001597 78
100001599 79
100001601 80
100001603 81
100001606 82
100001609 83
100001610 84
100001614 85
100001615 86
100001616 87
100001617 88
100001622 89
100001623 90
100001626 91
100001628 92
100001629 93
100001631 94
100001634 95
100001635 96
100001636 97
100001637 98
100001640 99
100001645 100
100001648 101
100001655 102
100001657 103
100001658 104
100001659 105
100001661 106
100001662 107
100001664 108
100001667 109
100001671 110
100001676 111
100001677 112
100001678 113
100001682 114
100001683 115
100001690 116
100001695 117
100001697 118
100001699 119
100001702 120
100001703 121
100001704 122
100001707 123
100001708 124
100001709 125
100001710 126
100001712 127
100001713 128
100001715 129
100001716 130
100001719 131
100001722 132
100001724 133
100001725 134
100001727 135
100001729 136
100001730 137
100001731 138
100001735 139
100001736 140
100001741 141
100001746 142
100001748 143
100001755 144
100001758 145
