1 2 -3
1 3 -5
1 4 -2
1 5 0
1 6 0
1 7 0
1 8 0
1 9 -1
1 10 -1
1 11 0
1 12 0
1 13 0
1 14 0
1 15 0
1 16 0
1 17 0
1 18 0
1 19 0
1 20 -2
1 21 0
1 22 -2
1 23 -1
1 24 -1
1 25 -2
1 26 -1
1 27 -3
1 28 0
1 29 -1
1 30 0
1 31 -1
1 32 0
1 33 0
1 34 -1
1 35 0
1 36 0
1 37 -1
1 38 0
1 39 -1
1 40 -2
1 41 -1
1 42 0
1 43 -1
1 44 -2
1 45 -2
1 46 -1
1 47 0
1 48 0
1 49 -2
1 50 0
1 51 0
1 52 -1
1 53 -1
1 54 -2
1 55 0
1 56 0
1 57 0
1 58 -2
1 59 0
1 60 -1
1 61 -2
1 62 0
1 63 0
1 64 0
1 65 -1
1 66 -2
1 67 0
1 68 -1
1 69 0
1 70 0
1 71 0
1 72 -1
1 73 0
1 74 -1
1 75 0
1 76 -1
1 77 -1
1 78 -1
1 79 0
1 80 -1
1 81 0
1 82 0
1 83 -1
1 84 -1
1 85 -1
1 86 -1
1 87 0
1 88 -1
1 89 -1
1 90 0
1 91 -3
1 92 -1
1 93 0
1 94 -1
1 95 0
1 96 -5
1 97 -1
1 98 0
1 99 0
1 100 0
1 101 -1
1 102 0
1 103 -1
1 104 0
1 105 -1
1 106 0
1 107 0
1 108 0
1 109 0
1 110 0
1 111 -4
1 112 0
1 113 -1
1 114 0
1 115 -1
1 116 0
1 117 0
1 118 0
1 119 -2
1 120 0
1 121 0
1 122 -1
1 123 -1
1 124 0
1 125 -1
1 126 -3
1 127 -1
1 128 -1
1 129 -1
1 130 0
1 131 -2
1 132 -1
1 133 -3
1 134 0
1 135 -3
1 136 0
1 137 0
1 138 0
1 139 0
1 140 0
1 141 -5
1 142 0
1 143 0
1 144 0
1 145 0
2 3 -3
2 4 -1
2 5 0
2 6 0
2 7 -1
2 8 0
2 9 0
2 10 -1
2 11 0
2 12 0
2 13 0
2 14 0
2 15 0
2 16 0
2 17 0
2 18 0
2 19 0
2 20 -1
2 21 -1
2 22 -1
2 23 0
2 24 -1
2 25 -1
2 26 -1
2 27 -2
2 28 0
2 29 0
2 30 0
2 31 -1
2 32 0
2 33 0
2 34 0
2 35 0
2 36 0
2 37 -2
2 38 0
2 39 -1
2 40 -2
2 41 -2
2 42 0
2 43 -2
2 44 -2
2 45 -1
2 46 -1
2 47 0
2 48 0
2 49 -2
2 50 0
2 51 0
2 52 -1
2 53 0
2 54 -2
2 55 0
2 56 0
2 57 0
2 58 0
2 59 0
2 60 -2
2 61 -2
2 62 0
2 63 0
2 64 0
2 65 -1
2 66 -1
2 67 0
2 68 -2
2 69 0
2 70 0
2 71 0
2 72 0
2 73 0
2 74 -1
2 75 -1
2 76 0
2 77 0
2 78 -2
2 79 0
2 80 0
2 81 0
2 82 0
2 83 -2
2 84 0
2 85 -1
2 86 0
2 87 0
2 88 0
2 89 0
2 90 0
2 91 -1
2 92 -1
2 93 0
2 94 -1
2 95 0
2 96 -3
2 97 -1
2 98 0
2 99 0
2 100 0
2 101 -1
2 102 0
2 103 0
2 104 0
2 105 -1
2 106 0
2 107 0
2 108 0
2 109 0
2 110 0
2 111 -2
2 112 0
2 113 -1
2 114 0
2 115 0
2 116 0
2 117 0
2 118 0
2 119 -1
2 120 0
2 121 0
2 122 0
2 123 -1
2 124 0
2 125 -1
2 126 -3
2 127 -1
2 128 -1
2 129 0
2 130 0
2 131 -1
2 132 0
2 133 -3
2 134 0
2 135 -2
2 136 0
2 137 0
2 138 0
2 139 0
2 140 0
2 141 -4
2 142 0
2 143 0
2 144 0
2 145 0
3 4 -3
3 5 0
3 6 -3
3 7 -1
3 8 0
3 9 -3
3 10 -2
3 11 -1
3 12 -1
3 13 0
3 14 0
3 15 -1
3 16 0
3 17 -1
3 18 0
3 19 0
3 20 -4
3 21 -2
3 22 -4
3 23 -4
3 24 -1
3 25 -5
3 26 -2
3 27 -5
3 28 -2
3 29 0
3 30 -2
3 31 -1
3 32 -1
3 33 -1
3 34 -1
3 35 0
3 36 0
3 37 -1
3 38 0
3 39 -1
3 40 -3
3 41 -3
3 42 -1
3 43 -3
3 44 -3
3 45 -4
3 46 -3
3 47 0
3 48 -2
3 49 -3
3 50 0
3 51 0
3 52 -4
3 53 -3
3 54 -3
3 55 0
3 56 0
3 57 0
3 58 -4
3 59 0
3 60 -2
3 61 -4
3 62 0
3 63 -1
3 64 0
3 65 -2
3 66 -3
3 67 -2
3 68 -1
3 69 0
3 70 -1
3 71 0
3 72 -2
3 73 -1
3 74 -1
3 75 0
3 76 -1
3 77 -1
3 78 -1
3 79 -1
3 80 -1
3 81 -1
3 82 -1
3 83 -2
3 84 -3
3 85 -1
3 86 -1
3 87 0
3 88 0
3 89 0
3 90 -2
3 91 -5
3 92 -2
3 93 0
3 94 -2
3 95 -2
3 96 -7
3 97 -1
3 98 0
3 99 -1
3 100 0
3 101 -3
3 102 0
3 103 -2
3 104 -1
3 105 -1
3 106 -1
3 107 0
3 108 0
3 109 -1
3 110 -1
3 111 -6
3 112 -1
3 113 -2
3 114 -1
3 115 -1
3 116 -1
3 117 -1
3 118 -1
3 119 -4
3 120 -3
3 121 0
3 122 -2
3 123 -1
3 124 0
3 125 -1
3 126 -3
3 127 -2
3 128 -2
3 129 -1
3 130 -1
3 131 -3
3 132 -2
3 133 -7
3 134 -1
3 135 -4
3 136 -1
3 137 -3
3 138 0
3 139 0
3 140 -1
3 141 -6
3 142 -2
3 143 -1
3 144 -1
3 145 -1
4 5 0
4 6 -4
4 7 -1
4 8 0
4 9 -3
4 10 -2
4 11 -1
4 12 -6
4 13 0
4 14 0
4 15 0
4 16 0
4 17 -1
4 18 0
4 19 0
4 20 -4
4 21 -2
4 22 -2
4 23 -1
4 24 -1
4 25 -1
4 26 -2
4 27 -3
4 28 -1
4 29 0
4 30 -1
4 31 -1
4 32 0
4 33 -4
4 34 -4
4 35 -1
4 36 0
4 37 0
4 38 0
4 39 -1
4 40 -1
4 41 -3
4 42 -2
4 43 -3
4 44 -2
4 45 -4
4 46 -3
4 47 0
4 48 -3
4 49 -1
4 50 0
4 51 0
4 52 -3
4 53 -2
4 54 -2
4 55 -1
4 56 0
4 57 0
4 58 -3
4 59 0
4 60 -3
4 61 -1
4 62 -1
4 63 -3
4 64 0
4 65 -1
4 66 -1
4 67 -3
4 68 -2
4 69 0
4 70 -1
4 71 0
4 72 -2
4 73 0
4 74 -2
4 75 0
4 76 0
4 77 0
4 78 0
4 79 -3
4 80 -2
4 81 -2
4 82 -1
4 83 -3
4 84 -1
4 85 -1
4 86 -1
4 87 0
4 88 0
4 89 -2
4 90 -1
4 91 -2
4 92 -4
4 93 0
4 94 -2
4 95 -3
4 96 -4
4 97 -1
4 98 -3
4 99 -1
4 100 -2
4 101 -5
4 102 0
4 103 -1
4 104 -1
4 105 0
4 106 -1
4 107 0
4 108 0
4 109 -1
4 110 -1
4 111 -5
4 112 0
4 113 -1
4 114 -1
4 115 0
4 116 -1
4 117 -1
4 118 -3
4 119 -3
4 120 0
4 121 -1
4 122 -2
4 123 -1
4 124 0
4 125 0
4 126 -2
4 127 -2
4 128 -2
4 129 -1
4 130 -1
4 131 -1
4 132 -1
4 133 -3
4 134 -1
4 135 -5
4 136 -1
4 137 -2
4 138 0
4 139 0
4 140 -1
4 141 -9
4 142 -1
4 143 0
4 144 0
4 145 0
5 6 0
5 7 0
5 8 0
5 9 0
5 10 0
5 11 0
5 12 0
5 13 0
5 14 0
5 15 0
5 16 0
5 17 0
5 18 0
5 19 0
5 20 0
5 21 0
5 22 0
5 23 0
5 24 0
5 25 0
5 26 0
5 27 0
5 28 -1
5 29 0
5 30 0
5 31 0
5 32 -1
5 33 0
5 34 0
5 35 0
5 36 0
5 37 0
5 38 0
5 39 0
5 40 0
5 41 0
5 42 0
5 43 0
5 44 0
5 45 0
5 46 0
5 47 0
5 48 0
5 49 0
5 50 0
5 51 0
5 52 0
5 53 0
5 54 0
5 55 0
5 56 0
5 57 0
5 58 0
5 59 0
5 60 0
5 61 0
5 62 0
5 63 -1
5 64 0
5 65 0
5 66 0
5 67 0
5 68 0
5 69 0
5 70 0
5 71 0
5 72 0
5 73 -1
5 74 -1
5 75 0
5 76 0
5 77 0
5 78 0
5 79 -1
5 80 0
5 81 0
5 82 0
5 83 0
5 84 0
5 85 0
5 86 0
5 87 -1
5 88 0
5 89 0
5 90 0
5 91 0
5 92 0
5 93 0
5 94 0
5 95 -1
5 96 0
5 97 0
5 98 0
5 99 0
5 100 0
5 101 0
5 102 0
5 103 0
5 104 0
5 105 0
5 106 0
5 107 0
5 108 0
5 109 0
5 110 0
5 111 0
5 112 0
5 113 0
5 114 0
5 115 0
5 116 0
5 117 0
5 118 0
5 119 -1
5 120 0
5 121 0
5 122 0
5 123 0
5 124 0
5 125 0
5 126 0
5 127 0
5 128 0
5 129 0
5 130 0
5 131 0
5 132 0
5 133 0
5 134 0
5 135 0
5 136 0
5 137 0
5 138 0
5 139 0
5 140 0
5 141 -1
5 142 0
5 143 0
5 144 0
5 145 0
6 7 -1
6 8 -2
6 9 -8
6 10 -5
6 11 -8
6 12 -15
6 13 -8
6 14 0
6 15 -5
6 16 0
6 17 -5
6 18 0
6 19 -1
6 20 -13
6 21 -11
6 22 -4
6 23 -7
6 24 -2
6 25 -4
6 26 -4
6 27 -1
6 28 -4
6 29 0
6 30 -5
6 31 0
6 32 -1
6 33 -6
6 34 -7
6 35 -1
6 36 0
6 37 -3
6 38 -2
6 39 -2
6 40 -1
6 41 -6
6 42 -2
6 43 -8
6 44 -4
6 45 -7
6 46 -12
6 47 0
6 48 -4
6 49 -1
6 50 0
6 51 0
6 52 -11
6 53 -3
6 54 -4
6 55 -3
6 56 0
6 57 0
6 58 -11
6 59 -1
6 60 -5
6 61 -4
6 62 0
6 63 -10
6 64 0
6 65 -1
6 66 -2
6 67 -11
6 68 0
6 69 0
6 70 -3
6 71 -3
6 72 -3
6 73 0
6 74 -5
6 75 0
6 76 -2
6 77 -3
6 78 -2
6 79 -4
6 80 -2
6 81 -5
6 82 -1
6 83 -3
6 84 -3
6 85 -1
6 86 -1
6 87 0
6 88 -3
6 89 -7
6 90 -4
6 91 -5
6 92 -4
6 93 0
6 94 -3
6 95 -5
6 96 -12
6 97 -5
6 98 -3
6 99 -3
6 100 -1
6 101 -11
6 102 -2
6 103 -1
6 104 -1
6 105 0
6 106 -8
6 107 0
6 108 0
6 109 -1
6 110 -1
6 111 -9
6 112 0
6 113 -1
6 114 -1
6 115 -1
6 116 -1
6 117 -1
6 118 -8
6 119 -4
6 120 -3
6 121 -2
6 122 -9
6 123 -2
6 124 -1
6 125 0
6 126 -8
6 127 -1
6 128 -3
6 129 -1
6 130 -1
6 131 -10
6 132 -6
6 133 -8
6 134 -1
6 135 -8
6 136 -4
6 137 -9
6 138 -3
6 139 -1
6 140 -1
6 141 -23
6 142 -11
6 143 -2
6 144 -1
6 145 0
7 8 0
7 9 -1
7 10 0
7 11 -1
7 12 -1
7 13 0
7 14 0
7 15 0
7 16 0
7 17 0
7 18 0
7 19 0
7 20 0
7 21 -2
7 22 -1
7 23 -1
7 24 0
7 25 -1
7 26 -1
7 27 -1
7 28 -1
7 29 0
7 30 -1
7 31 0
7 32 0
7 33 0
7 34 -1
7 35 0
7 36 0
7 37 -1
7 38 0
7 39 -1
7 40 -2
7 41 -2
7 42 -1
7 43 -2
7 44 -1
7 45 -1
7 46 -1
7 47 0
7 48 -1
7 49 0
7 50 0
7 51 0
7 52 -1
7 53 -1
7 54 -2
7 55 0
7 56 0
7 57 0
7 58 -1
7 59 0
7 60 -2
7 61 -2
7 62 0
7 63 0
7 64 0
7 65 -1
7 66 0
7 67 -1
7 68 -1
7 69 0
7 70 -1
7 71 0
7 72 -1
7 73 0
7 74 0
7 75 -1
7 76 0
7 77 0
7 78 -1
7 79 -1
7 80 0
7 81 -1
7 82 -1
7 83 -2
7 84 -1
7 85 0
7 86 0
7 87 0
7 88 0
7 89 0
7 90 -1
7 91 -1
7 92 0
7 93 0
7 94 -1
7 95 -1
7 96 -1
7 97 -1
7 98 0
7 99 -1
7 100 0
7 101 -1
7 102 0
7 103 -1
7 104 -1
7 105 0
7 106 -1
7 107 0
7 108 0
7 109 -1
7 110 -1
7 111 -1
7 112 0
7 113 -1
7 114 -1
7 115 0
7 116 0
7 117 -1
7 118 -1
7 119 -1
7 120 0
7 121 0
7 122 -1
7 123 0
7 124 0
7 125 0
7 126 -1
7 127 -1
7 128 -1
7 129 0
7 130 -1
7 131 0
7 132 0
7 133 -2
7 134 -1
7 135 -1
7 136 0
7 137 -1
7 138 0
7 139 0
7 140 0
7 141 -1
7 142 0
7 143 0
7 144 0
7 145 0
8 9 -2
8 10 -2
8 11 -1
8 12 -2
8 13 -2
8 14 0
8 15 -1
8 16 0
8 17 0
8 18 0
8 19 0
8 20 -3
8 21 0
8 22 0
8 23 0
8 24 0
8 25 0
8 26 -1
8 27 0
8 28 0
8 29 0
8 30 -1
8 31 0
8 32 0
8 33 -1
8 34 -3
8 35 0
8 36 0
8 37 -1
8 38 -1
8 39 -1
8 40 0
8 41 0
8 42 -1
8 43 -1
8 44 -3
8 45 0
8 46 0
8 47 0
8 48 0
8 49 0
8 50 0
8 51 0
8 52 -2
8 53 0
8 54 0
8 55 -1
8 56 0
8 57 0
8 58 -2
8 59 0
8 60 -2
8 61 -1
8 62 0
8 63 -1
8 64 0
8 65 0
8 66 0
8 67 -4
8 68 0
8 69 -1
8 70 0
8 71 -3
8 72 -1
8 73 0
8 74 -2
8 75 -1
8 76 0
8 77 -1
8 78 -1
8 79 0
8 80 -3
8 81 0
8 82 0
8 83 0
8 84 0
8 85 0
8 86 0
8 87 0
8 88 -2
8 89 -3
8 90 -2
8 91 -2
8 92 0
8 93 0
8 94 -1
8 95 -3
8 96 -1
8 97 0
8 98 -3
8 99 -1
8 100 0
8 101 -3
8 102 0
8 103 -1
8 104 0
8 105 0
8 106 0
8 107 0
8 108 0
8 109 0
8 110 0
8 111 0
8 112 0
8 113 0
8 114 -1
8 115 0
8 116 0
8 117 0
8 118 -1
8 119 -2
8 120 0
8 121 0
8 122 -1
8 123 0
8 124 0
8 125 0
8 126 -1
8 127 0
8 128 0
8 129 0
8 130 0
8 131 0
8 132 -1
8 133 -4
8 134 0
8 135 -3
8 136 -1
8 137 -2
8 138 -2
8 139 0
8 140 0
8 141 -5
8 142 -2
8 143 -2
8 144 0
8 145 0
9 10 -1
9 11 -2
9 12 -6
9 13 -1
9 14 0
9 15 -3
9 16 0
9 17 -6
9 18 0
9 19 0
9 20 -9
9 21 -6
9 22 -2
9 23 -7
9 24 -1
9 25 -8
9 26 -7
9 27 -3
9 28 -4
9 29 -1
9 30 -4
9 31 0
9 32 0
9 33 -4
9 34 -6
9 35 0
9 36 0
9 37 -4
9 38 -1
9 39 -6
9 40 -2
9 41 -5
9 42 -1
9 43 -1
9 44 -6
9 45 -10
9 46 -7
9 47 0
9 48 -6
9 49 0
9 50 0
9 51 -1
9 52 -10
9 53 -8
9 54 -4
9 55 -4
9 56 0
9 57 0
9 58 -7
9 59 -1
9 60 -4
9 61 -8
9 62 0
9 63 -8
9 64 -1
9 65 -1
9 66 -3
9 67 -7
9 68 -2
9 69 0
9 70 -1
9 71 -3
9 72 -4
9 73 0
9 74 -4
9 75 0
9 76 -5
9 77 -1
9 78 -4
9 79 -6
9 80 -2
9 81 -1
9 82 -1
9 83 -2
9 84 -4
9 85 -1
9 86 -4
9 87 0
9 88 -1
9 89 -4
9 90 -7
9 91 -9
9 92 -1
9 93 0
9 94 -6
9 95 -12
9 96 -8
9 97 -6
9 98 -4
9 99 -3
9 100 -2
9 101 -6
9 102 0
9 103 -3
9 104 -1
9 105 0
9 106 -3
9 107 0
9 108 0
9 109 -1
9 110 -1
9 111 -8
9 112 0
9 113 -3
9 114 -1
9 115 -2
9 116 -3
9 117 -1
9 118 -1
9 119 -8
9 120 -6
9 121 -2
9 122 -2
9 123 -1
9 124 0
9 125 -1
9 126 -7
9 127 -1
9 128 -3
9 129 -9
9 130 -1
9 131 -5
9 132 -6
9 133 -9
9 134 -1
9 135 -11
9 136 -4
9 137 -8
9 138 -2
9 139 -1
9 140 -1
9 141 -26
9 142 -1
9 143 -4
9 144 -1
9 145 -1
10 11 -4
10 12 -9
10 13 -6
10 14 0
10 15 -1
10 16 0
10 17 -3
10 18 0
10 19 0
10 20 -11
10 21 -4
10 22 -4
10 23 -3
10 24 -1
10 25 -1
10 26 -2
10 27 0
10 28 -3
10 29 0
10 30 -1
10 31 0
10 32 0
10 33 -7
10 34 -6
10 35 0
10 36 0
10 37 -2
10 38 -2
10 39 -3
10 40 -1
10 41 -1
10 42 -2
10 43 -4
10 44 -5
10 45 -3
10 46 -3
10 47 0
10 48 -1
10 49 -1
10 50 0
10 51 0
10 52 -4
10 53 -1
10 54 -4
10 55 -1
10 56 0
10 57 0
10 58 -7
10 59 0
10 60 -3
10 61 -4
10 62 -1
10 63 -5
10 64 0
10 65 -2
10 66 -4
10 67 -5
10 68 -2
10 69 0
10 70 0
10 71 -2
10 72 -1
10 73 -1
10 74 -3
10 75 0
10 76 -1
10 77 0
10 78 -3
10 79 0
10 80 -2
10 81 -1
10 82 -1
10 83 -2
10 84 -2
10 85 -1
10 86 0
10 87 0
10 88 -1
10 89 -5
10 90 -3
10 91 -6
10 92 -4
10 93 -1
10 94 -1
10 95 -3
10 96 -8
10 97 -1
10 98 -4
10 99 -1
10 100 -2
10 101 -7
10 102 0
10 103 0
10 104 0
10 105 -1
10 106 -1
10 107 -1
10 108 0
10 109 0
10 110 0
10 111 -6
10 112 -2
10 113 -1
10 114 0
10 115 0
10 116 0
10 117 0
10 118 -3
10 119 -5
10 120 0
10 121 -2
10 122 -5
10 123 -1
10 124 0
10 125 -1
10 126 -2
10 127 -1
10 128 -1
10 129 -2
10 130 0
10 131 -4
10 132 -2
10 133 -11
10 134 0
10 135 -6
10 136 -2
10 137 -7
10 138 -2
10 139 0
10 140 -1
10 141 -16
10 142 -7
10 143 -1
10 144 0
10 145 0
11 12 -14
11 13 -7
11 14 0
11 15 0
11 16 0
11 17 -4
11 18 0
11 19 -1
11 20 -8
11 21 -5
11 22 -7
11 23 -2
11 24 -1
11 25 -2
11 26 -1
11 27 -1
11 28 -5
11 29 0
11 30 -2
11 31 0
11 32 0
11 33 -5
11 34 -3
11 35 0
11 36 0
11 37 -1
11 38 -1
11 39 0
11 40 -1
11 41 -3
11 42 -2
11 43 -2
11 44 -3
11 45 -3
11 46 -6
11 47 0
11 48 -1
11 49 0
11 50 0
11 51 0
11 52 -2
11 53 -1
11 54 -3
11 55 -1
11 56 0
11 57 0
11 58 -4
11 59 0
11 60 -1
11 61 -1
11 62 0
11 63 -5
11 64 0
11 65 -1
11 66 -2
11 67 -10
11 68 -1
11 69 0
11 70 -2
11 71 0
11 72 -1
11 73 0
11 74 -2
11 75 -1
11 76 0
11 77 -2
11 78 0
11 79 -5
11 80 -1
11 81 -1
11 82 -2
11 83 -1
11 84 -1
11 85 -1
11 86 0
11 87 0
11 88 -1
11 89 -2
11 90 -1
11 91 -3
11 92 -2
11 93 0
11 94 -2
11 95 -3
11 96 -10
11 97 0
11 98 -3
11 99 -1
11 100 0
11 101 -7
11 102 -2
11 103 -2
11 104 -1
11 105 0
11 106 -5
11 107 -1
11 108 0
11 109 -1
11 110 -1
11 111 -6
11 112 0
11 113 -2
11 114 -1
11 115 0
11 116 -1
11 117 -1
11 118 -6
11 119 -2
11 120 -1
11 121 -1
11 122 -3
11 123 0
11 124 0
11 125 0
11 126 -4
11 127 -1
11 128 -1
11 129 -1
11 130 -1
11 131 -5
11 132 -5
11 133 -7
11 134 -1
11 135 -2
11 136 -5
11 137 -9
11 138 -2
11 139 0
11 140 0
11 141 -12
11 142 -10
11 143 0
11 144 0
11 145 0
12 13 -8
12 14 -1
12 15 -2
12 16 0
12 17 -5
12 18 0
12 19 -1
12 20 -16
12 21 -9
12 22 -6
12 23 -4
12 24 -1
12 25 -2
12 26 -5
12 27 -2
12 28 -6
12 29 0
12 30 -4
12 31 0
12 32 -1
12 33 -8
12 34 -8
12 35 0
12 36 0
12 37 -3
12 38 -2
12 39 -4
12 40 -1
12 41 -7
12 42 -2
12 43 -7
12 44 -5
12 45 -6
12 46 -9
12 47 0
12 48 -3
12 49 0
12 50 0
12 51 0
12 52 -6
12 53 -2
12 54 -3
12 55 -3
12 56 0
12 57 0
12 58 -9
12 59 0
12 60 -3
12 61 -1
12 62 0
12 63 -8
12 64 0
12 65 -1
12 66 -4
12 67 -14
12 68 -3
12 69 0
12 70 -3
12 71 -2
12 72 -1
12 73 -1
12 74 -6
12 75 -1
12 76 -1
12 77 -3
12 78 0
12 79 -8
12 80 -4
12 81 -2
12 82 -2
12 83 -3
12 84 -1
12 85 -3
12 86 0
12 87 0
12 88 -2
12 89 -4
12 90 -6
12 91 -5
12 92 -4
12 93 0
12 94 -6
12 95 -6
12 96 -13
12 97 -2
12 98 -5
12 99 -2
12 100 -2
12 101 -13
12 102 -2
12 103 -2
12 104 -1
12 105 0
12 106 -6
12 107 -1
12 108 0
12 109 -1
12 110 -1
12 111 -8
12 112 0
12 113 -1
12 114 -2
12 115 0
12 116 -1
12 117 -1
12 118 -9
12 119 -7
12 120 0
12 121 -3
12 122 -4
12 123 -2
12 124 0
12 125 0
12 126 -9
12 127 -1
12 128 -2
12 129 -3
12 130 -1
12 131 -8
12 132 -8
12 133 -12
12 134 -1
12 135 -8
12 136 -6
12 137 -12
12 138 -4
12 139 0
12 140 -2
12 141 -25
12 142 -13
12 143 -1
12 144 0
12 145 0
13 14 0
13 15 -3
13 16 0
13 17 -6
13 18 0
13 19 0
13 20 -12
13 21 -4
13 22 -6
13 23 -2
13 24 -1
13 25 0
13 26 -1
13 27 0
13 28 -4
13 29 0
13 30 -6
13 31 0
13 32 0
13 33 -5
13 34 -4
13 35 0
13 36 0
13 37 -1
13 38 0
13 39 -5
13 40 0
13 41 -2
13 42 -3
13 43 -5
13 44 -4
13 45 -2
13 46 -6
13 47 0
13 48 0
13 49 0
13 50 0
13 51 0
13 52 -5
13 53 -1
13 54 -3
13 55 -2
13 56 0
13 57 0
13 58 -5
13 59 0
13 60 -2
13 61 -3
13 62 0
13 63 -7
13 64 0
13 65 0
13 66 -1
13 67 -9
13 68 -1
13 69 -4
13 70 0
13 71 -1
13 72 -1
13 73 0
13 74 -1
13 75 0
13 76 -1
13 77 -1
13 78 -3
13 79 -2
13 80 -4
13 81 -1
13 82 0
13 83 -1
13 84 0
13 85 -1
13 86 -1
13 87 0
13 88 -1
13 89 -2
13 90 -2
13 91 -4
13 92 -2
13 93 0
13 94 -1
13 95 -3
13 96 -6
13 97 -2
13 98 -5
13 99 -1
13 100 0
13 101 -7
13 102 -2
13 103 -1
13 104 0
13 105 0
13 106 -4
13 107 0
13 108 0
13 109 0
13 110 0
13 111 -4
13 112 0
13 113 0
13 114 -2
13 115 0
13 116 0
13 117 0
13 118 -4
13 119 -1
13 120 -2
13 121 0
13 122 -2
13 123 0
13 124 0
13 125 0
13 126 -4
13 127 0
13 128 0
13 129 -1
13 130 0
13 131 -6
13 132 -5
13 133 -7
13 134 0
13 135 -7
13 136 -2
13 137 -11
13 138 -3
13 139 0
13 140 -1
13 141 -18
13 142 -9
13 143 0
13 144 0
13 145 0
14 15 0
14 16 0
14 17 0
14 18 0
14 19 0
14 20 -2
14 21 -1
14 22 0
14 23 0
14 24 0
14 25 0
14 26 -1
14 27 0
14 28 0
14 29 0
14 30 0
14 31 0
14 32 0
14 33 0
14 34 0
14 35 0
14 36 0
14 37 0
14 38 0
14 39 -1
14 40 0
14 41 0
14 42 0
14 43 0
14 44 -1
14 45 -1
14 46 0
14 47 0
14 48 0
14 49 0
14 50 0
14 51 0
14 52 0
14 53 0
14 54 0
14 55 0
14 56 0
14 57 0
14 58 0
14 59 0
14 60 0
14 61 -1
14 62 0
14 63 0
14 64 0
14 65 0
14 66 0
14 67 0
14 68 0
14 69 0
14 70 0
14 71 0
14 72 0
14 73 0
14 74 0
14 75 0
14 76 0
14 77 0
14 78 -1
14 79 -1
14 80 0
14 81 0
14 82 0
14 83 0
14 84 0
14 85 0
14 86 0
14 87 0
14 88 0
14 89 0
14 90 0
14 91 0
14 92 0
14 93 0
14 94 0
14 95 -1
14 96 0
14 97 0
14 98 0
14 99 0
14 100 0
14 101 0
14 102 0
14 103 0
14 104 0
14 105 0
14 106 0
14 107 0
14 108 0
14 109 0
14 110 0
14 111 0
14 112 0
14 113 0
14 114 0
14 115 0
14 116 -1
14 117 0
14 118 0
14 119 -2
14 120 0
14 121 0
14 122 -1
14 123 0
14 124 0
14 125 0
14 126 -1
14 127 0
14 128 0
14 129 -1
14 130 0
14 131 0
14 132 0
14 133 0
14 134 0
14 135 0
14 136 0
14 137 0
14 138 -1
14 139 0
14 140 0
14 141 -3
14 142 0
14 143 0
14 144 0
14 145 0
15 16 0
15 17 -2
15 18 0
15 19 0
15 20 -6
15 21 -6
15 22 0
15 23 0
15 24 0
15 25 -1
15 26 -2
15 27 -1
15 28 -1
15 29 0
15 30 -4
15 31 0
15 32 -1
15 33 -3
15 34 -2
15 35 0
15 36 0
15 37 -3
15 38 0
15 39 -4
15 40 0
15 41 -3
15 42 0
15 43 -6
15 44 -4
15 45 -2
15 46 -5
15 47 0
15 48 -3
15 49 0
15 50 0
15 51 0
15 52 -5
15 53 -1
15 54 0
15 55 0
15 56 0
15 57 0
15 58 -6
15 59 0
15 60 -1
15 61 -2
15 62 0
15 63 0
15 64 0
15 65 -1
15 66 0
15 67 -4
15 68 0
15 69 0
15 70 0
15 71 -2
15 72 -2
15 73 0
15 74 0
15 75 0
15 76 -1
15 77 -3
15 78 -3
15 79 -2
15 80 -2
15 81 0
15 82 0
15 83 -4
15 84 0
15 85 0
15 86 0
15 87 0
15 88 -1
15 89 -2
15 90 -2
15 91 -1
15 92 -2
15 93 0
15 94 -1
15 95 -6
15 96 -5
15 97 -1
15 98 -3
15 99 0
15 100 0
15 101 -3
15 102 0
15 103 0
15 104 0
15 105 0
15 106 -2
15 107 0
15 108 0
15 109 0
15 110 0
15 111 -4
15 112 0
15 113 0
15 114 0
15 115 0
15 116 0
15 117 0
15 118 -2
15 119 -2
15 120 -4
15 121 -1
15 122 -1
15 123 0
15 124 0
15 125 0
15 126 -4
15 127 0
15 128 -1
15 129 -2
15 130 0
15 131 -6
15 132 -6
15 133 -5
15 134 0
15 135 -2
15 136 0
15 137 -3
15 138 0
15 139 0
15 140 0
15 141 -13
15 142 -2
15 143 0
15 144 0
15 145 0
16 17 0
16 18 0
16 19 0
16 20 -1
16 21 0
16 22 0
16 23 0
16 24 0
16 25 0
16 26 0
16 27 0
16 28 0
16 29 0
16 30 0
16 31 0
16 32 0
16 33 0
16 34 0
16 35 0
16 36 0
16 37 0
16 38 0
16 39 0
16 40 0
16 41 0
16 42 0
16 43 0
16 44 0
16 45 0
16 46 0
16 47 0
16 48 0
16 49 0
16 50 0
16 51 0
16 52 0
16 53 0
16 54 0
16 55 0
16 56 0
16 57 0
16 58 0
16 59 0
16 60 0
16 61 0
16 62 0
16 63 0
16 64 0
16 65 0
16 66 0
16 67 0
16 68 0
16 69 -1
16 70 0
16 71 0
16 72 0
16 73 0
16 74 0
16 75 0
16 76 0
16 77 0
16 78 0
16 79 0
16 80 0
16 81 0
16 82 0
16 83 0
16 84 0
16 85 0
16 86 0
16 87 0
16 88 0
16 89 0
16 90 0
16 91 0
16 92 0
16 93 0
16 94 0
16 95 0
16 96 0
16 97 0
16 98 0
16 99 0
16 100 0
16 101 0
16 102 0
16 103 -1
16 104 0
16 105 0
16 106 0
16 107 0
16 108 0
16 109 0
16 110 0
16 111 0
16 112 0
16 113 0
16 114 0
16 115 0
16 116 0
16 117 0
16 118 0
16 119 0
16 120 0
16 121 0
16 122 0
16 123 0
16 124 0
16 125 0
16 126 0
16 127 0
16 128 0
16 129 0
16 130 0
16 131 0
16 132 0
16 133 0
16 134 0
16 135 0
16 136 -1
16 137 0
16 138 0
16 139 0
16 140 0
16 141 0
16 142 0
16 143 0
16 144 0
16 145 0
17 18 0
17 19 0
17 20 -11
17 21 -4
17 22 -6
17 23 -3
17 24 -2
17 25 -1
17 26 -7
17 27 0
17 28 -12
17 29 0
17 30 -7
17 31 0
17 32 -1
17 33 -8
17 34 -4
17 35 -2
17 36 -1
17 37 -2
17 38 -4
17 39 -10
17 40 0
17 41 -7
17 42 -4
17 43 -4
17 44 -5
17 45 -5
17 46 -8
17 47 0
17 48 -7
17 49 -4
17 50 -1
17 51 0
17 52 -6
17 53 -6
17 54 -6
17 55 0
17 56 0
17 57 0
17 58 -8
17 59 0
17 60 -4
17 61 -7
17 62 -2
17 63 -7
17 64 -1
17 65 -1
17 66 -6
17 67 -4
17 68 -7
17 69 -1
17 70 -2
17 71 -2
17 72 -2
17 73 0
17 74 -1
17 75 0
17 76 -7
17 77 0
17 78 -4
17 79 -4
17 80 -1
17 81 -1
17 82 0
17 83 -2
17 84 -4
17 85 -6
17 86 -2
17 87 0
17 88 0
17 89 -1
17 90 -2
17 91 -6
17 92 -1
17 93 -1
17 94 -1
17 95 -5
17 96 -6
17 97 -2
17 98 -4
17 99 -1
17 100 -3
17 101 -9
17 102 -1
17 103 -2
17 104 0
17 105 0
17 106 -2
17 107 0
17 108 0
17 109 0
17 110 0
17 111 -4
17 112 -1
17 113 0
17 114 -4
17 115 0
17 116 -3
17 117 0
17 118 -1
17 119 -4
17 120 -6
17 121 -3
17 122 -2
17 123 -2
17 124 -1
17 125 0
17 126 -4
17 127 -1
17 128 -1
17 129 -6
17 130 0
17 131 -2
17 132 -6
17 133 -13
17 134 0
17 135 -10
17 136 -1
17 137 -6
17 138 -1
17 139 0
17 140 -4
17 141 -24
17 142 -4
17 143 -1
17 144 -1
17 145 -3
18 19 0
18 20 -1
18 21 0
18 22 0
18 23 0
18 24 0
18 25 -1
18 26 0
18 27 0
18 28 0
18 29 0
18 30 0
18 31 0
18 32 0
18 33 0
18 34 -1
18 35 0
18 36 0
18 37 0
18 38 0
18 39 -1
18 40 0
18 41 0
18 42 0
18 43 0
18 44 0
18 45 0
18 46 0
18 47 0
18 48 -1
18 49 0
18 50 0
18 51 0
18 52 -1
18 53 0
18 54 0
18 55 0
18 56 0
18 57 0
18 58 -1
18 59 0
18 60 0
18 61 0
18 62 0
18 63 0
18 64 0
18 65 0
18 66 -1
18 67 0
18 68 0
18 69 -1
18 70 0
18 71 0
18 72 -1
18 73 0
18 74 -1
18 75 0
18 76 -1
18 77 0
18 78 0
18 79 0
18 80 0
18 81 0
18 82 0
18 83 -1
18 84 -1
18 85 0
18 86 -1
18 87 0
18 88 0
18 89 -1
18 90 0
18 91 -1
18 92 -1
18 93 0
18 94 0
18 95 0
18 96 0
18 97 0
18 98 -1
18 99 0
18 100 0
18 101 0
18 102 0
18 103 0
18 104 0
18 105 0
18 106 0
18 107 0
18 108 0
18 109 0
18 110 0
18 111 -1
18 112 0
18 113 0
18 114 0
18 115 0
18 116 0
18 117 0
18 118 0
18 119 0
18 120 0
18 121 0
18 122 0
18 123 0
18 124 0
18 125 0
18 126 0
18 127 0
18 128 0
18 129 0
18 130 0
18 131 -1
18 132 -1
18 133 -1
18 134 0
18 135 -1
18 136 0
18 137 0
18 138 0
18 139 0
18 140 0
18 141 -1
18 142 0
18 143 0
18 144 0
18 145 0
19 20 -1
19 21 -1
19 22 0
19 23 0
19 24 0
19 25 0
19 26 0
19 27 0
19 28 0
19 29 0
19 30 0
19 31 0
19 32 0
19 33 0
19 34 0
19 35 0
19 36 0
19 37 0
19 38 0
19 39 0
19 40 0
19 41 0
19 42 0
19 43 0
19 44 0
19 45 0
19 46 -1
19 47 0
19 48 0
19 49 0
19 50 0
19 51 0
19 52 0
19 53 0
19 54 0
19 55 0
19 56 0
19 57 0
19 58 0
19 59 0
19 60 0
19 61 0
19 62 0
19 63 0
19 64 0
19 65 0
19 66 0
19 67 -1
19 68 0
19 69 0
19 70 0
19 71 0
19 72 0
19 73 0
19 74 0
19 75 0
19 76 0
19 77 0
19 78 0
19 79 -1
19 80 0
19 81 0
19 82 0
19 83 0
19 84 0
19 85 0
19 86 0
19 87 0
19 88 0
19 89 0
19 90 0
19 91 0
19 92 -1
19 93 0
19 94 0
19 95 0
19 96 -1
19 97 0
19 98 0
19 99 0
19 100 0
19 101 0
19 102 0
19 103 0
19 104 0
19 105 0
19 106 -1
19 107 0
19 108 0
19 109 0
19 110 0
19 111 -1
19 112 0
19 113 0
19 114 0
19 115 0
19 116 0
19 117 0
19 118 0
19 119 0
19 120 0
19 121 0
19 122 0
19 123 0
19 124 0
19 125 0
19 126 -1
19 127 0
19 128 0
19 129 0
19 130 0
19 131 -1
19 132 -1
19 133 0
19 134 0
19 135 0
19 136 0
19 137 0
19 138 0
19 139 0
19 140 0
19 141 -1
19 142 0
19 143 0
19 144 0
19 145 0
20 21 -12
20 22 -4
20 23 -5
20 24 -3
20 25 -3
20 26 -10
20 27 -1
20 28 -8
20 29 -1
20 30 -8
20 31 0
20 32 -2
20 33 -14
20 34 -11
20 35 -1
20 36 0
20 37 -5
20 38 -4
20 39 -13
20 40 -3
20 41 -8
20 42 -4
20 43 -14
20 44 -7
20 45 -7
20 46 -15
20 47 -1
20 48 -7
20 49 0
20 50 0
20 51 0
20 52 -11
20 53 -6
20 54 -11
20 55 -2
20 56 -1
20 57 0
20 58 -15
20 59 0
20 60 -6
20 61 -13
20 62 -2
20 63 -12
20 64 0
20 65 -2
20 66 -11
20 67 -16
20 68 -7
20 69 -4
20 70 -1
20 71 -3
20 72 -4
20 73 -1
20 74 -3
20 75 -1
20 76 -8
20 77 -4
20 78 -8
20 79 -9
20 80 -9
20 81 -2
20 82 -1
20 83 -4
20 84 -4
20 85 -4
20 86 -4
20 87 0
20 88 -1
20 89 -9
20 90 -2
20 91 -10
20 92 -7
20 93 -1
20 94 -3
20 95 -10
20 96 -14
20 97 -4
20 98 -12
20 99 -1
20 100 -6
20 101 -12
20 102 -1
20 103 -3
20 104 0
20 105 -1
20 106 -6
20 107 -1
20 108 0
20 109 0
20 110 0
20 111 -9
20 112 -2
20 113 -2
20 114 -1
20 115 -1
20 116 -5
20 117 0
20 118 -7
20 119 -13
20 120 -6
20 121 -2
20 122 -7
20 123 -4
20 124 0
20 125 -2
20 126 -10
20 127 -2
20 128 -1
20 129 -8
20 130 0
20 131 -16
20 132 -15
20 133 -15
20 134 0
20 135 -18
20 136 -9
20 137 -16
20 138 -4
20 139 0
20 140 -1
20 141 -46
20 142 -10
20 143 -3
20 144 -1
20 145 -2
21 22 -1
21 23 -3
21 24 -1
21 25 -2
21 26 -3
21 27 -1
21 28 -8
21 29 0
21 30 -4
21 31 0
21 32 -2
21 33 0
21 34 -6
21 35 0
21 36 -1
21 37 -5
21 38 0
21 39 -11
21 40 -3
21 41 -9
21 42 -1
21 43 -7
21 44 -5
21 45 -5
21 46 -11
21 47 -2
21 48 -5
21 49 -3
21 50 0
21 51 0
21 52 -6
21 53 -5
21 54 -3
21 55 -1
21 56 0
21 57 0
21 58 -5
21 59 0
21 60 -5
21 61 -9
21 62 0
21 63 -4
21 64 -1
21 65 -1
21 66 -1
21 67 -7
21 68 -3
21 69 -1
21 70 -1
21 71 -1
21 72 -3
21 73 -1
21 74 -1
21 75 -1
21 76 -5
21 77 -3
21 78 -7
21 79 -4
21 80 0
21 81 -2
21 82 -1
21 83 -2
21 84 -2
21 85 -1
21 86 -2
21 87 0
21 88 0
21 89 -3
21 90 -7
21 91 -4
21 92 -3
21 93 0
21 94 -2
21 95 -7
21 96 -9
21 97 -4
21 98 -2
21 99 -1
21 100 -3
21 101 -3
21 102 -1
21 103 -2
21 104 -1
21 105 0
21 106 -9
21 107 0
21 108 0
21 109 -1
21 110 -1
21 111 -4
21 112 -1
21 113 -3
21 114 -4
21 115 0
21 116 0
21 117 -1
21 118 -6
21 119 -6
21 120 -5
21 121 -4
21 122 -4
21 123 0
21 124 0
21 125 -1
21 126 -12
21 127 -1
21 128 -5
21 129 -8
21 130 -1
21 131 -9
21 132 -9
21 133 -8
21 134 -1
21 135 -3
21 136 -3
21 137 -8
21 138 -3
21 139 0
21 140 0
21 141 -25
21 142 -3
21 143 0
21 144 0
21 145 -2
22 23 -5
22 24 0
22 25 -3
22 26 -1
22 27 -3
22 28 -5
22 29 0
22 30 -3
22 31 -1
22 32 0
22 33 -3
22 34 -3
22 35 0
22 36 0
22 37 -1
22 38 -1
22 39 -2
22 40 -2
22 41 -2
22 42 -3
22 43 -1
22 44 -3
22 45 -7
22 46 -3
22 47 0
22 48 -1
22 49 -2
22 50 0
22 51 0
22 52 -5
22 53 -2
22 54 -4
22 55 0
22 56 0
22 57 0
22 58 -4
22 59 0
22 60 -3
22 61 -4
22 62 0
22 63 -4
22 64 0
22 65 -1
22 66 -3
22 67 -4
22 68 -1
22 69 -1
22 70 -1
22 71 0
22 72 -2
22 73 -1
22 74 -2
22 75 0
22 76 -2
22 77 -1
22 78 -1
22 79 -2
22 80 -2
22 81 -2
22 82 -2
22 83 -1
22 84 -4
22 85 -1
22 86 -1
22 87 0
22 88 0
22 89 -2
22 90 -1
22 91 -6
22 92 -3
22 93 0
22 94 -1
22 95 -1
22 96 -6
22 97 -1
22 98 -2
22 99 -1
22 100 0
22 101 -6
22 102 -1
22 103 -3
22 104 -1
22 105 0
22 106 -1
22 107 -1
22 108 0
22 109 -1
22 110 -1
22 111 -6
22 112 -1
22 113 -1
22 114 -2
22 115 -1
22 116 0
22 117 -1
22 118 -2
22 119 -3
22 120 -1
22 121 -1
22 122 -2
22 123 0
22 124 0
22 125 0
22 126 -2
22 127 -1
22 128 -1
22 129 -1
22 130 -1
22 131 -1
22 132 -1
22 133 -8
22 134 -1
22 135 -5
22 136 -1
22 137 -6
22 138 -1
22 139 0
22 140 -2
22 141 -9
22 142 -6
22 143 0
22 144 0
22 145 0
23 24 0
23 25 -6
23 26 -3
23 27 -2
23 28 -7
23 29 -1
23 30 -2
23 31 0
23 32 0
23 33 -4
23 34 -5
23 35 0
23 36 0
23 37 -1
23 38 0
23 39 -6
23 40 -2
23 41 -7
23 42 -2
23 43 -3
23 44 -5
23 45 -6
23 46 -3
23 47 0
23 48 -6
23 49 -3
23 50 0
23 51 0
23 52 -6
23 53 -5
23 54 -4
23 55 0
23 56 0
23 57 0
23 58 -4
23 59 -2
23 60 -2
23 61 -7
23 62 0
23 63 -7
23 64 0
23 65 -1
23 66 -4
23 67 -3
23 68 -2
23 69 -2
23 70 -2
23 71 0
23 72 -4
23 73 -4
23 74 -2
23 75 0
23 76 -2
23 77 -2
23 78 -1
23 79 -2
23 80 -1
23 81 -1
23 82 -1
23 83 -2
23 84 -6
23 85 0
23 86 -2
23 87 0
23 88 0
23 89 -4
23 90 -5
23 91 -6
23 92 -1
23 93 0
23 94 -2
23 95 -2
23 96 -8
23 97 -3
23 98 -3
23 99 -1
23 100 -3
23 101 -4
23 102 -1
23 103 -3
23 104 -1
23 105 0
23 106 -1
23 107 0
23 108 0
23 109 -1
23 110 -3
23 111 -6
23 112 -1
23 113 -1
23 114 -2
23 115 -2
23 116 -3
23 117 -1
23 118 -2
23 119 -3
23 120 -4
23 121 0
23 122 -3
23 123 -1
23 124 0
23 125 0
23 126 -2
23 127 -1
23 128 -1
23 129 -2
23 130 -1
23 131 -4
23 132 -3
23 133 -7
23 134 -1
23 135 -6
23 136 -2
23 137 -8
23 138 0
23 139 -1
23 140 -2
23 141 -16
23 142 -4
23 143 -1
23 144 -1
23 145 -3
24 25 -1
24 26 -1
24 27 -1
24 28 0
24 29 0
24 30 0
24 31 0
24 32 0
24 33 -2
24 34 0
24 35 -2
24 36 0
24 37 -2
24 38 -1
24 39 0
24 40 -1
24 41 -2
24 42 -2
24 43 -1
24 44 -2
24 45 -1
24 46 -3
24 47 0
24 48 -1
24 49 0
24 50 0
24 51 0
24 52 -1
24 53 -1
24 54 -3
24 55 -2
24 56 0
24 57 0
24 58 0
24 59 0
24 60 -1
24 61 -1
24 62 -1
24 63 0
24 64 0
24 65 -1
24 66 -2
24 67 -1
24 68 -2
24 69 0
24 70 -1
24 71 -1
24 72 0
24 73 0
24 74 -1
24 75 0
24 76 -1
24 77 0
24 78 -1
24 79 0
24 80 0
24 81 0
24 82 0
24 83 -3
24 84 -1
24 85 -2
24 86 -1
24 87 0
24 88 0
24 89 0
24 90 0
24 91 -2
24 92 0
24 93 0
24 94 -2
24 95 -1
24 96 -2
24 97 -1
24 98 -1
24 99 -2
24 100 0
24 101 -4
24 102 -1
24 103 0
24 104 0
24 105 -1
24 106 -1
24 107 0
24 108 0
24 109 0
24 110 0
24 111 -2
24 112 0
24 113 -1
24 114 0
24 115 0
24 116 0
24 117 0
24 118 -1
24 119 -2
24 120 0
24 121 0
24 122 -1
24 123 -2
24 124 -1
24 125 -1
24 126 -2
24 127 -2
24 128 -1
24 129 0
24 130 0
24 131 -2
24 132 -1
24 133 -1
24 134 0
24 135 -2
24 136 0
24 137 -1
24 138 -1
24 139 0
24 140 -1
24 141 -5
24 142 -1
24 143 0
24 144 0
24 145 0
25 26 -3
25 27 -4
25 28 -5
25 29 0
25 30 -3
25 31 0
25 32 0
25 33 -2
25 34 -3
25 35 0
25 36 0
25 37 -3
25 38 0
25 39 -4
25 40 -2
25 41 -3
25 42 -1
25 43 -2
25 44 -3
25 45 -5
25 46 -3
25 47 0
25 48 -4
25 49 -1
25 50 0
25 51 0
25 52 -5
25 53 -6
25 54 -4
25 55 -1
25 56 0
25 57 0
25 58 -5
25 59 -1
25 60 -1
25 61 -4
25 62 0
25 63 -2
25 64 0
25 65 -1
25 66 -4
25 67 -3
25 68 -1
25 69 -1
25 70 -1
25 71 -1
25 72 -4
25 73 -3
25 74 -4
25 75 0
25 76 -3
25 77 -1
25 78 0
25 79 -4
25 80 -1
25 81 -1
25 82 -1
25 83 -3
25 84 -7
25 85 0
25 86 -4
25 87 0
25 88 0
25 89 -2
25 90 -2
25 91 -6
25 92 -2
25 93 0
25 94 -3
25 95 -5
25 96 -9
25 97 -6
25 98 -2
25 99 -2
25 100 -1
25 101 -5
25 102 0
25 103 -2
25 104 -1
25 105 0
25 106 -1
25 107 0
25 108 0
25 109 -1
25 110 -1
25 111 -9
25 112 -1
25 113 -2
25 114 -1
25 115 -2
25 116 -2
25 117 -1
25 118 -1
25 119 -5
25 120 -2
25 121 -2
25 122 -3
25 123 -1
25 124 0
25 125 0
25 126 -2
25 127 -1
25 128 -2
25 129 -4
25 130 -1
25 131 -4
25 132 -4
25 133 -7
25 134 -1
25 135 -6
25 136 0
25 137 -5
25 138 0
25 139 -1
25 140 -1
25 141 -11
25 142 -2
25 143 -1
25 144 -1
25 145 0
26 27 -2
26 28 -5
26 29 -1
26 30 -5
26 31 0
26 32 0
26 33 -4
26 34 -6
26 35 0
26 36 0
26 37 -4
26 38 -3
26 39 -6
26 40 -2
26 41 -4
26 42 -3
26 43 -6
26 44 -4
26 45 -4
26 46 -4
26 47 0
26 48 -4
26 49 -1
26 50 0
26 51 0
26 52 -8
26 53 -5
26 54 -5
26 55 -2
26 56 0
26 57 0
26 58 -8
26 59 0
26 60 -5
26 61 -5
26 62 -1
26 63 -5
26 64 0
26 65 -3
26 66 -5
26 67 -5
26 68 -4
26 69 -1
26 70 -2
26 71 -3
26 72 -3
26 73 0
26 74 -2
26 75 -1
26 76 -2
26 77 0
26 78 -3
26 79 -4
26 80 0
26 81 -1
26 82 -1
26 83 -4
26 84 -3
26 85 -4
26 86 -2
26 87 0
26 88 -1
26 89 -2
26 90 -4
26 91 -5
26 92 0
26 93 -1
26 94 -5
26 95 -6
26 96 -7
26 97 -1
26 98 -1
26 99 -2
26 100 -3
26 101 -6
26 102 0
26 103 -2
26 104 -1
26 105 -1
26 106 -1
26 107 0
26 108 0
26 109 -1
26 110 -1
26 111 -4
26 112 -1
26 113 -2
26 114 -2
26 115 0
26 116 -2
26 117 -1
26 118 -1
26 119 -7
26 120 -2
26 121 -2
26 122 -4
26 123 -4
26 124 0
26 125 -1
26 126 -5
26 127 -2
26 128 -3
26 129 -4
26 130 -1
26 131 -2
26 132 -3
26 133 -8
26 134 -1
26 135 -12
26 136 -3
26 137 -5
26 138 -1
26 139 0
26 140 -3
26 141 -16
26 142 -3
26 143 -2
26 144 0
26 145 -1
27 28 -1
27 29 0
27 30 -1
27 31 -1
27 32 0
27 33 -1
27 34 -1
27 35 0
27 36 0
27 37 -2
27 38 0
27 39 -2
27 40 -2
27 41 -2
27 42 -1
27 43 -2
27 44 -2
27 45 -3
27 46 -1
27 47 0
27 48 -1
27 49 -2
27 50 0
27 51 0
27 52 -2
27 53 -3
27 54 -2
27 55 -1
27 56 0
27 57 0
27 58 -3
27 59 0
27 60 -2
27 61 -2
27 62 0
27 63 0
27 64 0
27 65 -1
27 66 -1
27 67 -1
27 68 0
27 69 0
27 70 -1
27 71 0
27 72 -2
27 73 0
27 74 -2
27 75 0
27 76 -2
27 77 -1
27 78 0
27 79 -2
27 80 -1
27 81 -1
27 82 -1
27 83 -4
27 84 -3
27 85 -1
27 86 -2
27 87 0
27 88 0
27 89 -1
27 90 -2
27 91 -2
27 92 -1
27 93 0
27 94 -2
27 95 -1
27 96 -5
27 97 -2
27 98 0
27 99 -2
27 100 -2
27 101 -2
27 102 0
27 103 -2
27 104 -1
27 105 0
27 106 -1
27 107 0
27 108 0
27 109 -1
27 110 -1
27 111 -5
27 112 0
27 113 -1
27 114 -1
27 115 -1
27 116 0
27 117 -1
27 118 -1
27 119 -3
27 120 0
27 121 0
27 122 -1
27 123 -1
27 124 0
27 125 0
27 126 -3
27 127 -1
27 128 -1
27 129 -1
27 130 -1
27 131 -1
27 132 -3
27 133 -2
27 134 -1
27 135 -5
27 136 0
27 137 -1
27 138 0
27 139 0
27 140 -1
27 141 -7
27 142 0
27 143 0
27 144 0
27 145 0
28 29 0
28 30 -8
28 31 0
28 32 -4
28 33 -4
28 34 -7
28 35 0
28 36 -1
28 37 -4
28 38 -1
28 39 -12
28 40 -1
28 41 -14
28 42 -1
28 43 -5
28 44 -6
28 45 -2
28 46 -5
28 47 -2
28 48 -8
28 49 -8
28 50 0
28 51 0
28 52 -5
28 53 -6
28 54 -3
28 55 0
28 56 0
28 57 0
28 58 -8
28 59 -1
28 60 -4
28 61 -11
28 62 0
28 63 -9
28 64 0
28 65 -1
28 66 -3
28 67 -6
28 68 -4
28 69 -2
28 70 -2
28 71 -3
28 72 -3
28 73 -11
28 74 -3
28 75 0
28 76 -11
28 77 0
28 78 -9
28 79 -8
28 80 -1
28 81 -1
28 82 -1
28 83 -2
28 84 -3
28 85 -3
28 86 -2
28 87 -1
28 88 0
28 89 -1
28 90 -14
28 91 -4
28 92 -1
28 93 0
28 94 -3
28 95 -8
28 96 -7
28 97 -3
28 98 -1
28 99 -1
28 100 -6
28 101 -8
28 102 -4
28 103 -3
28 104 -1
28 105 0
28 106 -1
28 107 0
28 108 0
28 109 -1
28 110 -4
28 111 -6
28 112 -2
28 113 -2
28 114 -7
28 115 0
28 116 -5
28 117 -1
28 118 -3
28 119 -6
28 120 -8
28 121 -4
28 122 -2
28 123 -1
28 124 0
28 125 -1
28 126 -1
28 127 -1
28 128 -3
28 129 -12
28 130 -1
28 131 -1
28 132 -4
28 133 -9
28 134 -1
28 135 -8
28 136 -2
28 137 -12
28 138 0
28 139 0
28 140 -3
28 141 -30
28 142 -4
28 143 -1
28 144 -1
28 145 -5
29 30 0
29 31 0
29 32 0
29 33 0
29 34 -1
29 35 0
29 36 0
29 37 0
29 38 0
29 39 0
29 40 0
29 41 0
29 42 0
29 43 0
29 44 0
29 45 -1
29 46 0
29 47 0
29 48 0
29 49 0
29 50 0
29 51 0
29 52 -1
29 53 -1
29 54 0
29 55 0
29 56 0
29 57 0
29 58 -1
29 59 0
29 60 0
29 61 0
29 62 0
29 63 -1
29 64 0
29 65 0
29 66 -1
29 67 0
29 68 0
29 69 0
29 70 0
29 71 0
29 72 0
29 73 0
29 74 0
29 75 0
29 76 0
29 77 0
29 78 0
29 79 0
29 80 0
29 81 0
29 82 0
29 83 0
29 84 0
29 85 0
29 86 0
29 87 0
29 88 -1
29 89 -1
29 90 0
29 91 -1
29 92 0
29 93 0
29 94 0
29 95 0
29 96 -1
29 97 0
29 98 0
29 99 0
29 100 0
29 101 0
29 102 0
29 103 0
29 104 0
29 105 0
29 106 0
29 107 0
29 108 0
29 109 0
29 110 0
29 111 -1
29 112 0
29 113 0
29 114 0
29 115 0
29 116 0
29 117 0
29 118 0
29 119 0
29 120 0
29 121 0
29 122 -1
29 123 0
29 124 0
29 125 0
29 126 0
29 127 0
29 128 0
29 129 0
29 130 0
29 131 0
29 132 0
29 133 0
29 134 0
29 135 -1
29 136 -1
29 137 0
29 138 0
29 139 0
29 140 0
29 141 -2
29 142 0
29 143 0
29 144 0
29 145 0
30 31 0
30 32 -1
30 33 -4
30 34 -3
30 35 0
30 36 -1
30 37 -1
30 38 -1
30 39 -10
30 40 -1
30 41 -6
30 42 -1
30 43 -9
30 44 -6
30 45 -3
30 46 -4
30 47 0
30 48 -3
30 49 0
30 50 0
30 51 0
30 52 -5
30 53 -4
30 54 -2
30 55 0
30 56 0
30 57 0
30 58 -9
30 59 0
30 60 -5
30 61 -3
30 62 0
30 63 -5
30 64 0
30 65 -1
30 66 -2
30 67 -7
30 68 -2
30 69 -1
30 70 -2
30 71 -1
30 72 -2
30 73 0
30 74 -1
30 75 0
30 76 -2
30 77 -1
30 78 -4
30 79 -3
30 80 -3
30 81 -2
30 82 -1
30 83 -1
30 84 -2
30 85 -2
30 86 -2
30 87 0
30 88 -1
30 89 -1
30 90 -2
30 91 -5
30 92 0
30 93 0
30 94 -3
30 95 -6
30 96 -5
30 97 -1
30 98 -5
30 99 -1
30 100 0
30 101 -6
30 102 0
30 103 -2
30 104 -1
30 105 0
30 106 -1
30 107 0
30 108 0
30 109 -1
30 110 -1
30 111 -3
30 112 -1
30 113 -1
30 114 -2
30 115 0
30 116 -3
30 117 -1
30 118 -2
30 119 -3
30 120 -4
30 121 -2
30 122 -1
30 123 0
30 124 0
30 125 0
30 126 -1
30 127 -1
30 128 -3
30 129 -2
30 130 -1
30 131 -2
30 132 -4
30 133 -7
30 134 -1
30 135 -7
30 136 -1
30 137 -8
30 138 -1
30 139 0
30 140 -2
30 141 -10
30 142 -2
30 143 -1
30 144 -1
30 145 -2
31 32 0
31 33 0
31 34 0
31 35 0
31 36 0
31 37 0
31 38 0
31 39 0
31 40 0
31 41 -1
31 42 0
31 43 0
31 44 0
31 45 -1
31 46 0
31 47 0
31 48 0
31 49 -1
31 50 0
31 51 0
31 52 0
31 53 0
31 54 0
31 55 0
31 56 0
31 57 0
31 58 0
31 59 0
31 60 0
31 61 0
31 62 0
31 63 0
31 64 0
31 65 0
31 66 0
31 67 0
31 68 0
31 69 0
31 70 0
31 71 0
31 72 0
31 73 0
31 74 0
31 75 0
31 76 0
31 77 0
31 78 0
31 79 0
31 80 0
31 81 0
31 82 0
31 83 0
31 84 0
31 85 0
31 86 0
31 87 0
31 88 0
31 89 0
31 90 0
31 91 0
31 92 -1
31 93 0
31 94 0
31 95 0
31 96 -1
31 97 0
31 98 0
31 99 0
31 100 0
31 101 0
31 102 0
31 103 0
31 104 0
31 105 0
31 106 0
31 107 0
31 108 0
31 109 0
31 110 0
31 111 -1
31 112 0
31 113 0
31 114 0
31 115 0
31 116 0
31 117 0
31 118 0
31 119 0
31 120 0
31 121 0
31 122 0
31 123 0
31 124 0
31 125 0
31 126 -1
31 127 0
31 128 0
31 129 0
31 130 0
31 131 0
31 132 0
31 133 0
31 134 0
31 135 0
31 136 0
31 137 0
31 138 0
31 139 0
31 140 0
31 141 -1
31 142 0
31 143 0
31 144 0
31 145 0
32 33 0
32 34 -1
32 35 0
32 36 -1
32 37 0
32 38 0
32 39 -2
32 40 0
32 41 -3
32 42 0
32 43 -2
32 44 0
32 45 0
32 46 -1
32 47 0
32 48 0
32 49 -1
32 50 0
32 51 0
32 52 -2
32 53 -1
32 54 -1
32 55 0
32 56 0
32 57 0
32 58 0
32 59 0
32 60 0
32 61 -1
32 62 0
32 63 -2
32 64 0
32 65 0
32 66 0
32 67 0
32 68 0
32 69 0
32 70 0
32 71 -2
32 72 0
32 73 -3
32 74 -1
32 75 0
32 76 -1
32 77 0
32 78 -1
32 79 -2
32 80 -2
32 81 0
32 82 0
32 83 0
32 84 0
32 85 0
32 86 -1
32 87 -1
32 88 0
32 89 0
32 90 -2
32 91 -1
32 92 0
32 93 0
32 94 0
32 95 -4
32 96 0
32 97 0
32 98 0
32 99 0
32 100 0
32 101 0
32 102 -1
32 103 0
32 104 0
32 105 0
32 106 0
32 107 0
32 108 0
32 109 0
32 110 0
32 111 0
32 112 -1
32 113 0
32 114 -1
32 115 0
32 116 0
32 117 0
32 118 0
32 119 -1
32 120 -2
32 121 -1
32 122 0
32 123 0
32 124 0
32 125 0
32 126 0
32 127 0
32 128 -1
32 129 -2
32 130 0
32 131 -2
32 132 -1
32 133 -1
32 134 0
32 135 0
32 136 0
32 137 -2
32 138 0
32 139 0
32 140 0
32 141 -6
32 142 0
32 143 0
32 144 0
32 145 0
33 34 -4
33 35 -2
33 36 0
33 37 -1
33 38 -5
33 39 -7
33 40 0
33 41 -4
33 42 -5
33 43 -8
33 44 -4
33 45 -6
33 46 -7
33 47 0
33 48 -2
33 49 0
33 50 0
33 51 0
33 52 -4
33 53 -2
33 54 -9
33 55 -1
33 56 0
33 57 0
33 58 -12
33 59 -1
33 60 -2
33 61 -5
33 62 -2
33 63 -9
33 64 0
33 65 -1
33 66 -5
33 67 -7
33 68 -4
33 69 -1
33 70 -2
33 71 -1
33 72 -3
33 73 0
33 74 -4
33 75 -1
33 76 -1
33 77 -2
33 78 -2
33 79 -5
33 80 -4
33 81 -1
33 82 -1
33 83 -6
33 84 -2
33 85 -4
33 86 0
33 87 0
33 88 0
33 89 -5
33 90 -1
33 91 -7
33 92 -2
33 93 -1
33 94 -1
33 95 -5
33 96 -9
33 97 -1
33 98 -9
33 99 -1
33 100 -2
33 101 -9
33 102 0
33 103 -1
33 104 0
33 105 0
33 106 0
33 107 -1
33 108 0
33 109 0
33 110 0
33 111 -6
33 112 -2
33 113 0
33 114 0
33 115 -1
33 116 -3
33 117 0
33 118 -3
33 119 -5
33 120 -4
33 121 -1
33 122 -4
33 123 -3
33 124 -1
33 125 0
33 126 -1
33 127 -1
33 128 0
33 129 -3
33 130 0
33 131 -5
33 132 -5
33 133 -14
33 134 0
33 135 -9
33 136 -2
33 137 -10
33 138 0
33 139 -1
33 140 -2
33 141 -23
33 142 -8
33 143 -2
33 144 -1
33 145 -1
34 35 0
34 36 -1
34 37 -5
34 38 -4
34 39 -4
34 40 -1
34 41 -9
34 42 -7
34 43 -2
34 44 -6
34 45 -2
34 46 -4
34 47 0
34 48 -10
34 49 -5
34 50 0
34 51 0
34 52 -8
34 53 -4
34 54 -3
34 55 -3
34 56 0
34 57 -1
34 58 -10
34 59 -1
34 60 -2
34 61 -10
34 62 0
34 63 -5
34 64 0
34 65 -2
34 66 -3
34 67 -8
34 68 -2
34 69 -6
34 70 -1
34 71 -3
34 72 -4
34 73 -3
34 74 -7
34 75 0
34 76 -4
34 77 -3
34 78 -3
34 79 -3
34 80 -3
34 81 -3
34 82 -2
34 83 -6
34 84 -4
34 85 -1
34 86 -2
34 87 0
34 88 -2
34 89 -11
34 90 -10
34 91 -13
34 92 -3
34 93 0
34 94 -3
34 95 -6
34 96 -6
34 97 -1
34 98 -7
34 99 -2
34 100 -5
34 101 -4
34 102 -1
34 103 -3
34 104 -1
34 105 0
34 106 -2
34 107 -1
34 108 0
34 109 -1
34 110 -3
34 111 -7
34 112 -1
34 113 -1
34 114 -4
34 115 0
34 116 -4
34 117 -1
34 118 -6
34 119 -14
34 120 -3
34 121 -5
34 122 -9
34 123 -2
34 124 0
34 125 0
34 126 -3
34 127 -1
34 128 -3
34 129 -4
34 130 -1
34 131 -2
34 132 -4
34 133 -12
34 134 -1
34 135 -7
34 136 -2
34 137 -9
34 138 -3
34 139 0
34 140 -1
34 141 -31
34 142 -3
34 143 -3
34 144 0
34 145 -1
35 36 0
35 37 0
35 38 -1
35 39 0
35 40 0
35 41 -1
35 42 -2
35 43 0
35 44 -1
35 45 -1
35 46 -1
35 47 0
35 48 -1
35 49 0
35 50 0
35 51 0
35 52 0
35 53 0
35 54 -2
35 55 0
35 56 0
35 57 0
35 58 0
35 59 0
35 60 0
35 61 0
35 62 -1
35 63 0
35 64 0
35 65 0
35 66 -1
35 67 0
35 68 -1
35 69 0
35 70 -1
35 71 -1
35 72 0
35 73 0
35 74 -1
35 75 0
35 76 0
35 77 0
35 78 0
35 79 0
35 80 0
35 81 0
35 82 0
35 83 -1
35 84 0
35 85 -1
35 86 0
35 87 0
35 88 0
35 89 0
35 90 0
35 91 -1
35 92 0
35 93 0
35 94 0
35 95 -1
35 96 0
35 97 0
35 98 -1
35 99 -1
35 100 0
35 101 -2
35 102 0
35 103 0
35 104 0
35 105 0
35 106 0
35 107 0
35 108 0
35 109 0
35 110 0
35 111 0
35 112 0
35 113 0
35 114 0
35 115 0
35 116 0
35 117 0
35 118 0
35 119 0
35 120 0
35 121 0
35 122 -1
35 123 -1
35 124 -1
35 125 0
35 126 0
35 127 -1
35 128 0
35 129 0
35 130 0
35 131 0
35 132 0
35 133 0
35 134 0
35 135 -1
35 136 0
35 137 0
35 138 0
35 139 0
35 140 -1
35 141 -2
35 142 0
35 143 0
35 144 0
35 145 0
36 37 0
36 38 0
36 39 -1
36 40 0
36 41 -1
36 42 0
36 43 -1
36 44 0
36 45 0
36 46 0
36 47 0
36 48 0
36 49 0
36 50 0
36 51 0
36 52 -1
36 53 -1
36 54 0
36 55 0
36 56 0
36 57 0
36 58 0
36 59 0
36 60 0
36 61 0
36 62 0
36 63 0
36 64 0
36 65 0
36 66 0
36 67 0
36 68 0
36 69 0
36 70 0
36 71 0
36 72 0
36 73 0
36 74 0
36 75 0
36 76 0
36 77 0
36 78 0
36 79 0
36 80 0
36 81 0
36 82 0
36 83 0
36 84 0
36 85 0
36 86 -1
36 87 0
36 88 0
36 89 0
36 90 0
36 91 -1
36 92 0
36 93 0
36 94 0
36 95 0
36 96 0
36 97 0
36 98 0
36 99 0
36 100 0
36 101 0
36 102 0
36 103 0
36 104 0
36 105 0
36 106 0
36 107 0
36 108 0
36 109 0
36 110 0
36 111 0
36 112 0
36 113 0
36 114 0
36 115 0
36 116 0
36 117 0
36 118 0
36 119 0
36 120 0
36 121 -1
36 122 0
36 123 0
36 124 0
36 125 0
36 126 0
36 127 0
36 128 -1
36 129 -1
36 130 0
36 131 0
36 132 -1
36 133 -1
36 134 0
36 135 0
36 136 0
36 137 0
36 138 0
36 139 0
36 140 0
36 141 -1
36 142 0
36 143 0
36 144 0
36 145 0
37 38 -2
37 39 -5
37 40 -4
37 41 -3
37 42 0
37 43 -5
37 44 -3
37 45 -1
37 46 -3
37 47 -1
37 48 -1
37 49 0
37 50 -1
37 51 0
37 52 -8
37 53 -1
37 54 -6
37 55 -3
37 56 0
37 57 0
37 58 -3
37 59 -1
37 60 -5
37 61 -9
37 62 0
37 63 -2
37 64 0
37 65 -2
37 66 -4
37 67 -4
37 68 -5
37 69 0
37 70 0
37 71 -1
37 72 -1
37 73 0
37 74 -3
37 75 -2
37 76 -4
37 77 -2
37 78 -6
37 79 0
37 80 0
37 81 0
37 82 0
37 83 -4
37 84 -2
37 85 -4
37 86 -2
37 87 0
37 88 -1
37 89 -3
37 90 -3
37 91 -5
37 92 -1
37 93 0
37 94 -4
37 95 -2
37 96 -5
37 97 -4
37 98 -2
37 99 -2
37 100 -1
37 101 -5
37 102 0
37 103 0
37 104 0
37 105 -1
37 106 0
37 107 0
37 108 0
37 109 0
37 110 -1
37 111 -6
37 112 0
37 113 -4
37 114 -4
37 115 -1
37 116 -1
37 117 0
37 118 -1
37 119 -6
37 120 0
37 121 -2
37 122 -2
37 123 -1
37 124 0
37 125 -3
37 126 -6
37 127 -2
37 128 -2
37 129 -3
37 130 0
37 131 -3
37 132 -2
37 133 -9
37 134 0
37 135 -6
37 136 0
37 137 -4
37 138 -1
37 139 -1
37 140 -1
37 141 -16
37 142 -2
37 143 -1
37 144 0
37 145 -1
38 39 -2
38 40 0
38 41 -2
38 42 -4
38 43 -1
38 44 -2
38 45 -3
38 46 0
38 47 0
38 48 0
38 49 0
38 50 0
38 51 0
38 52 -1
38 53 -2
38 54 -3
38 55 -1
38 56 0
38 57 0
38 58 -4
38 59 0
38 60 -2
38 61 -2
38 62 -1
38 63 -2
38 64 0
38 65 -1
38 66 -5
38 67 -1
38 68 -3
38 69 0
38 70 -1
38 71 -2
38 72 -1
38 73 0
38 74 -3
38 75 0
38 76 -1
38 77 -1
38 78 0
38 79 0
38 80 0
38 81 0
38 82 -1
38 83 -2
38 84 -1
38 85 -2
38 86 0
38 87 0
38 88 -1
38 89 -2
38 90 -1
38 91 -3
38 92 0
38 93 -1
38 94 0
38 95 -2
38 96 -2
38 97 0
38 98 -2
38 99 -2
38 100 -1
38 101 -2
38 102 0
38 103 0
38 104 0
38 105 0
38 106 0
38 107 -1
38 108 0
38 109 0
38 110 0
38 111 0
38 112 0
38 113 0
38 114 0
38 115 0
38 116 -2
38 117 0
38 118 0
38 119 -2
38 120 0
38 121 -1
38 122 -3
38 123 -2
38 124 -1
38 125 0
38 126 -1
38 127 0
38 128 0
38 129 0
38 130 0
38 131 0
38 132 0
38 133 -4
38 134 0
38 135 -5
38 136 -1
38 137 -1
38 138 -1
38 139 0
38 140 -1
38 141 -6
38 142 -1
38 143 -1
38 144 0
38 145 -1
39 40 -3
39 41 -9
39 42 -1
39 43 -11
39 44 -9
39 45 -6
39 46 -2
39 47 0
39 48 -3
39 49 -5
39 50 -1
39 51 0
39 52 -7
39 53 -7
39 54 -7
39 55 0
39 56 0
39 57 0
39 58 -11
39 59 -1
39 60 -8
39 61 -11
39 62 0
39 63 -6
39 64 0
39 65 0
39 66 -7
39 67 -4
39 68 -7
39 69 -3
39 70 -1
39 71 -2
39 72 -6
39 73 -2
39 74 -3
39 75 -1
39 76 -9
39 77 -2
39 78 -10
39 79 -2
39 80 -4
39 81 -1
39 82 0
39 83 -4
39 84 -6
39 85 -7
39 86 -4
39 87 0
39 88 -1
39 89 -5
39 90 -6
39 91 -9
39 92 -1
39 93 0
39 94 -1
39 95 -5
39 96 -9
39 97 -4
39 98 -11
39 99 0
39 100 -4
39 101 -3
39 102 -1
39 103 -3
39 104 0
39 105 0
39 106 -1
39 107 0
39 108 0
39 109 0
39 110 -1
39 111 -4
39 112 -2
39 113 -2
39 114 -5
39 115 -2
39 116 -3
39 117 0
39 118 -1
39 119 -9
39 120 -6
39 121 -2
39 122 -1
39 123 -2
39 124 0
39 125 -1
39 126 -6
39 127 0
39 128 -1
39 129 -7
39 130 0
39 131 -7
39 132 -9
39 133 -16
39 134 0
39 135 -13
39 136 -1
39 137 -10
39 138 -2
39 139 -1
39 140 -5
39 141 -31
39 142 -1
39 143 0
39 144 0
39 145 -4
40 41 -3
40 42 -1
40 43 -5
40 44 -3
40 45 -2
40 46 -2
40 47 0
40 48 -1
40 49 0
40 50 0
40 51 0
40 52 -3
40 53 -2
40 54 -6
40 55 0
40 56 0
40 57 0
40 58 -3
40 59 0
40 60 -5
40 61 -6
40 62 0
40 63 -1
40 64 0
40 65 -2
40 66 -3
40 67 -1
40 68 -2
40 69 0
40 70 -1
40 71 0
40 72 -2
40 73 0
40 74 0
40 75 -1
40 76 -2
40 77 -1
40 78 -4
40 79 -1
40 80 -1
40 81 -1
40 82 -1
40 83 -3
40 84 -2
40 85 -3
40 86 -1
40 87 0
40 88 0
40 89 0
40 90 -1
40 91 -3
40 92 0
40 93 0
40 94 -2
40 95 -1
40 96 -5
40 97 -2
40 98 -1
40 99 -1
40 100 0
40 101 -2
40 102 0
40 103 -2
40 104 -1
40 105 -1
40 106 -1
40 107 0
40 108 0
40 109 -1
40 110 -2
40 111 -4
40 112 0
40 113 -4
40 114 -2
40 115 -1
40 116 0
40 117 -1
40 118 -1
40 119 -5
40 120 0
40 121 0
40 122 -1
40 123 -1
40 124 0
40 125 -3
40 126 -5
40 127 -3
40 128 -2
40 129 -1
40 130 -1
40 131 -3
40 132 -2
40 133 -5
40 134 -1
40 135 -4
40 136 0
40 137 -2
40 138 0
40 139 0
40 140 0
40 141 -5
40 142 0
40 143 0
40 144 0
40 145 0
41 42 -3
41 43 -10
41 44 -7
41 45 -5
41 46 -6
41 47 0
41 48 -12
41 49 -6
41 50 0
41 51 0
41 52 -3
41 53 -4
41 54 -5
41 55 -2
41 56 0
41 57 0
41 58 -6
41 59 -1
41 60 -5
41 61 -8
41 62 0
41 63 -4
41 64 0
41 65 -1
41 66 -7
41 67 -5
41 68 -5
41 69 -2
41 70 -5
41 71 -6
41 72 -2
41 73 -8
41 74 -2
41 75 -1
41 76 -4
41 77 -1
41 78 -3
41 79 -8
41 80 -2
41 81 -1
41 82 -1
41 83 -4
41 84 -2
41 85 -5
41 86 -1
41 87 0
41 88 0
41 89 -2
41 90 -10
41 91 -6
41 92 -2
41 93 0
41 94 -5
41 95 -7
41 96 -12
41 97 -2
41 98 -4
41 99 -2
41 100 -3
41 101 -7
41 102 -3
41 103 -2
41 104 -1
41 105 0
41 106 -2
41 107 0
41 108 0
41 109 -1
41 110 -4
41 111 -6
41 112 -2
41 113 -2
41 114 -2
41 115 0
41 116 -6
41 117 -1
41 118 -4
41 119 -2
41 120 -8
41 121 -3
41 122 -2
41 123 -1
41 124 -1
41 125 -2
41 126 -6
41 127 -1
41 128 -3
41 129 -6
41 130 -1
41 131 -6
41 132 -6
41 133 -7
41 134 -1
41 135 -6
41 136 0
41 137 -13
41 138 -1
41 139 0
41 140 -3
41 141 -26
41 142 -1
41 143 -1
41 144 -1
41 145 -4
42 43 -1
42 44 -3
42 45 -3
42 46 -2
42 47 0
42 48 -2
42 49 0
42 50 0
42 51 0
42 52 -2
42 53 -2
42 54 -5
42 55 -1
42 56 0
42 57 -1
42 58 -3
42 59 0
42 60 -1
42 61 -4
42 62 -2
42 63 0
42 64 0
42 65 -2
42 66 -3
42 67 -1
42 68 -3
42 69 -4
42 70 -2
42 71 -1
42 72 -3
42 73 0
42 74 -3
42 75 0
42 76 0
42 77 0
42 78 0
42 79 -1
42 80 -1
42 81 -1
42 82 -2
42 83 -3
42 84 -2
42 85 -2
42 86 0
42 87 0
42 88 0
42 89 -2
42 90 -2
42 91 -4
42 92 0
42 93 -1
42 94 -2
42 95 -3
42 96 -3
42 97 0
42 98 -3
42 99 -2
42 100 -1
42 101 -3
42 102 0
42 103 -1
42 104 -1
42 105 0
42 106 -1
42 107 -1
42 108 0
42 109 -1
42 110 -1
42 111 -1
42 112 0
42 113 -1
42 114 -3
42 115 0
42 116 0
42 117 -1
42 118 -1
42 119 -3
42 120 0
42 121 -1
42 122 -3
42 123 -2
42 124 -1
42 125 0
42 126 0
42 127 -2
42 128 -1
42 129 0
42 130 -1
42 131 0
42 132 0
42 133 -4
42 134 -1
42 135 -5
42 136 -1
42 137 -1
42 138 0
42 139 0
42 140 -1
42 141 -8
42 142 0
42 143 0
42 144 0
42 145 0
43 44 -8
43 45 -3
43 46 -4
43 47 0
43 48 -3
43 49 0
43 50 0
43 51 0
43 52 -11
43 53 -4
43 54 -8
43 55 0
43 56 0
43 57 0
43 58 -9
43 59 0
43 60 -9
43 61 -7
43 62 0
43 63 -8
43 64 0
43 65 -2
43 66 -7
43 67 -6
43 68 -4
43 69 -1
43 70 -5
43 71 -2
43 72 -2
43 73 0
43 74 -2
43 75 -1
43 76 -3
43 77 -2
43 78 -9
43 79 -6
43 80 -3
43 81 -1
43 82 -1
43 83 -4
43 84 -2
43 85 -5
43 86 -2
43 87 0
43 88 -1
43 89 -3
43 90 -2
43 91 -5
43 92 -1
43 93 0
43 94 -5
43 95 -7
43 96 -13
43 97 -4
43 98 -6
43 99 -1
43 100 -1
43 101 -10
43 102 0
43 103 -1
43 104 -1
43 105 -1
43 106 -2
43 107 0
43 108 0
43 109 -1
43 110 -2
43 111 -6
43 112 -1
43 113 -4
43 114 -2
43 115 0
43 116 -3
43 117 -1
43 118 -3
43 119 -9
43 120 -4
43 121 -2
43 122 -3
43 123 -2
43 124 0
43 125 -3
43 126 -6
43 127 -3
43 128 -3
43 129 -2
43 130 -1
43 131 -10
43 132 -7
43 133 -12
43 134 -1
43 135 -11
43 136 -1
43 137 -12
43 138 0
43 139 0
43 140 -1
43 141 -23
43 142 -5
43 143 0
43 144 0
43 145 -2
44 45 -3
44 46 -6
44 47 0
44 48 -6
44 49 -4
44 50 0
44 51 0
44 52 -5
44 53 -2
44 54 -5
44 55 -1
44 56 0
44 57 0
44 58 -6
44 59 -1
44 60 -7
44 61 -5
44 62 -1
44 63 -3
44 64 -1
44 65 -2
44 66 -2
44 67 -8
44 68 -4
44 69 -1
44 70 -2
44 71 -5
44 72 -2
44 73 -3
44 74 -6
44 75 0
44 76 -1
44 77 -2
44 78 -7
44 79 -5
44 80 -4
44 81 -2
44 82 -2
44 83 -2
44 84 -2
44 85 -4
44 86 0
44 87 0
44 88 -2
44 89 -4
44 90 -8
44 91 -6
44 92 0
44 93 0
44 94 -3
44 95 -14
44 96 -10
44 97 0
44 98 -9
44 99 -2
44 100 -1
44 101 -7
44 102 0
44 103 -3
44 104 -1
44 105 -1
44 106 -2
44 107 -1
44 108 0
44 109 -1
44 110 -4
44 111 -6
44 112 0
44 113 -4
44 114 -4
44 115 0
44 116 -4
44 117 -1
44 118 -3
44 119 -10
44 120 -9
44 121 -2
44 122 -3
44 123 -2
44 124 0
44 125 -2
44 126 -5
44 127 -4
44 128 -2
44 129 -6
44 130 -1
44 131 -8
44 132 -2
44 133 -12
44 134 -1
44 135 -7
44 136 -2
44 137 -10
44 138 -3
44 139 0
44 140 -3
44 141 -23
44 142 -3
44 143 -2
44 144 0
44 145 -1
45 46 -4
45 47 0
45 48 -2
45 49 -2
45 50 0
45 51 0
45 52 -11
45 53 -7
45 54 -6
45 55 0
45 56 0
45 57 0
45 58 -5
45 59 -2
45 60 -5
45 61 -8
45 62 0
45 63 -5
45 64 0
45 65 -1
45 66 -5
45 67 -1
45 68 0
45 69 0
45 70 -2
45 71 -3
45 72 -4
45 73 -1
45 74 -5
45 75 0
45 76 -4
45 77 -1
45 78 -2
45 79 -3
45 80 -4
45 81 -1
45 82 -2
45 83 -2
45 84 -5
45 85 -1
45 86 -3
45 87 0
45 88 0
45 89 -3
45 90 -2
45 91 -9
45 92 -3
45 93 0
45 94 -1
45 95 -2
45 96 -6
45 97 -5
45 98 -3
45 99 -2
45 100 0
45 101 -4
45 102 0
45 103 -2
45 104 -1
45 105 -1
45 106 -2
45 107 -1
45 108 0
45 109 -1
45 110 -1
45 111 -5
45 112 -1
45 113 -1
45 114 -1
45 115 -2
45 116 -1
45 117 -1
45 118 -1
45 119 -5
45 120 -3
45 121 -3
45 122 -4
45 123 -1
45 124 -1
45 125 0
45 126 -5
45 127 -1
45 128 -2
45 129 -4
45 130 -1
45 131 -4
45 132 -3
45 133 -8
45 134 -1
45 135 -12
45 136 -5
45 137 -4
45 138 -1
45 139 -1
45 140 -2
45 141 -17
45 142 -3
45 143 0
45 144 0
45 145 -1
46 47 -1
46 48 -6
46 49 -1
46 50 0
46 51 0
46 52 -5
46 53 -2
46 54 -5
46 55 -2
46 56 0
46 57 0
46 58 -7
46 59 0
46 60 -3
46 61 -7
46 62 -1
46 63 -5
46 64 -1
46 65 -2
46 66 -1
46 67 -9
46 68 -3
46 69 0
46 70 -1
46 71 -2
46 72 -1
46 73 -1
46 74 0
46 75 0
46 76 -3
46 77 -1
46 78 -4
46 79 -8
46 80 -3
46 81 -3
46 82 -1
46 83 -3
46 84 -2
46 85 -1
46 86 0
46 87 0
46 88 0
46 89 -2
46 90 -4
46 91 -4
46 92 -2
46 93 0
46 94 -3
46 95 -8
46 96 -9
46 97 -1
46 98 -3
46 99 -1
46 100 0
46 101 -7
46 102 -1
46 103 -1
46 104 -1
46 105 -1
46 106 -9
46 107 0
46 108 0
46 109 -1
46 110 -1
46 111 -7
46 112 -2
46 113 -2
46 114 -2
46 115 0
46 116 -1
46 117 -1
46 118 -6
46 119 -3
46 120 -6
46 121 -2
46 122 -4
46 123 -1
46 124 0
46 125 -1
46 126 -11
46 127 -3
46 128 -3
46 129 -6
46 130 -1
46 131 -11
46 132 -9
46 133 -7
46 134 -1
46 135 -3
46 136 -1
46 137 -9
46 138 -2
46 139 0
46 140 0
46 141 -20
46 142 -6
46 143 -1
46 144 -1
46 145 -1
47 48 0
47 49 0
47 50 0
47 51 0
47 52 0
47 53 0
47 54 0
47 55 0
47 56 0
47 57 0
47 58 0
47 59 0
47 60 0
47 61 -2
47 62 0
47 63 0
47 64 0
47 65 0
47 66 0
47 67 0
47 68 -1
47 69 0
47 70 0
47 71 0
47 72 0
47 73 0
47 74 0
47 75 0
47 76 -1
47 77 0
47 78 -2
47 79 0
47 80 0
47 81 0
47 82 0
47 83 0
47 84 0
47 85 0
47 86 0
47 87 0
47 88 0
47 89 0
47 90 -1
47 91 0
47 92 0
47 93 0
47 94 0
47 95 0
47 96 0
47 97 0
47 98 0
47 99 0
47 100 -1
47 101 0
47 102 0
47 103 -1
47 104 0
47 105 0
47 106 0
47 107 0
47 108 0
47 109 0
47 110 0
47 111 0
47 112 0
47 113 0
47 114 -1
47 115 0
47 116 0
47 117 0
47 118 0
47 119 0
47 120 0
47 121 -1
47 122 0
47 123 0
47 124 0
47 125 0
47 126 0
47 127 0
47 128 0
47 129 -2
47 130 0
47 131 0
47 132 0
47 133 0
47 134 0
47 135 0
47 136 -1
47 137 -1
47 138 0
47 139 0
47 140 0
47 141 -2
47 142 0
47 143 0
47 144 0
47 145 0
48 49 -7
48 50 0
48 51 0
48 52 -3
48 53 -2
48 54 -2
48 55 0
48 56 0
48 57 0
48 58 -6
48 59 -2
48 60 -1
48 61 -9
48 62 -1
48 63 -4
48 64 0
48 65 -1
48 66 -2
48 67 -4
48 68 -2
48 69 -2
48 70 -1
48 71 -2
48 72 -2
48 73 -4
48 74 -2
48 75 0
48 76 -6
48 77 -1
48 78 -5
48 79 -5
48 80 0
48 81 -2
48 82 -1
48 83 -3
48 84 -3
48 85 -1
48 86 -1
48 87 0
48 88 0
48 89 -4
48 90 -6
48 91 -5
48 92 -3
48 93 0
48 94 -3
48 95 -8
48 96 -8
48 97 0
48 98 -4
48 99 -1
48 100 -4
48 101 -6
48 102 0
48 103 -3
48 104 -1
48 105 0
48 106 -1
48 107 0
48 108 0
48 109 -1
48 110 -4
48 111 -5
48 112 -1
48 113 -1
48 114 -3
48 115 0
48 116 -4
48 117 -1
48 118 -4
48 119 -3
48 120 -7
48 121 -2
48 122 -2
48 123 0
48 124 0
48 125 -1
48 126 -3
48 127 -2
48 128 -2
48 129 -3
48 130 -1
48 131 -4
48 132 -4
48 133 -6
48 134 -1
48 135 -4
48 136 0
48 137 -6
48 138 0
48 139 0
48 140 -1
48 141 -18
48 142 0
48 143 -1
48 144 -1
48 145 -2
49 50 0
49 51 0
49 52 -2
49 53 -2
49 54 0
49 55 0
49 56 0
49 57 0
49 58 -3
49 59 -1
49 60 -1
49 61 -7
49 62 0
49 63 -1
49 64 0
49 65 0
49 66 0
49 67 0
49 68 -1
49 69 -3
49 70 0
49 71 0
49 72 0
49 73 -4
49 74 -2
49 75 0
49 76 -8
49 77 0
49 78 -7
49 79 0
49 80 -1
49 81 0
49 82 0
49 83 0
49 84 -2
49 85 -1
49 86 0
49 87 0
49 88 0
49 89 -2
49 90 -7
49 91 -2
49 92 -1
49 93 0
49 94 0
49 95 -1
49 96 -3
49 97 0
49 98 0
49 99 0
49 100 -5
49 101 0
49 102 -1
49 103 -2
49 104 0
49 105 0
49 106 -1
49 107 0
49 108 0
49 109 0
49 110 -3
49 111 -2
49 112 -2
49 113 0
49 114 -4
49 115 0
49 116 -2
49 117 0
49 118 0
49 119 -6
49 120 -7
49 121 -1
49 122 0
49 123 0
49 124 0
49 125 -1
49 126 -1
49 127 0
49 128 0
49 129 0
49 130 0
49 131 0
49 132 0
49 133 -5
49 134 0
49 135 -4
49 136 0
49 137 -2
49 138 0
49 139 0
49 140 -1
49 141 -17
49 142 -1
49 143 0
49 144 0
49 145 -2
50 51 0
50 52 0
50 53 0
50 54 0
50 55 0
50 56 0
50 57 0
50 58 0
50 59 0
50 60 0
50 61 0
50 62 0
50 63 0
50 64 0
50 65 0
50 66 0
50 67 0
50 68 -1
50 69 0
50 70 0
50 71 0
50 72 0
50 73 0
50 74 0
50 75 0
50 76 0
50 77 0
50 78 0
50 79 0
50 80 0
50 81 0
50 82 0
50 83 0
50 84 0
50 85 -1
50 86 0
50 87 0
50 88 0
50 89 0
50 90 0
50 91 0
50 92 0
50 93 0
50 94 0
50 95 0
50 96 0
50 97 0
50 98 0
50 99 0
50 100 -1
50 101 0
50 102 0
50 103 0
50 104 0
50 105 0
50 106 0
50 107 0
50 108 0
50 109 0
50 110 0
50 111 0
50 112 0
50 113 0
50 114 -1
50 115 0
50 116 0
50 117 0
50 118 0
50 119 0
50 120 0
50 121 0
50 122 0
50 123 0
50 124 0
50 125 0
50 126 0
50 127 0
50 128 0
50 129 0
50 130 0
50 131 0
50 132 0
50 133 -1
50 134 0
50 135 0
50 136 0
50 137 0
50 138 0
50 139 0
50 140 0
50 141 -1
50 142 0
50 143 0
50 144 0
50 145 0
51 52 0
51 53 0
51 54 0
51 55 0
51 56 0
51 57 0
51 58 0
51 59 0
51 60 0
51 61 0
51 62 0
51 63 0
51 64 0
51 65 0
51 66 0
51 67 0
51 68 0
51 69 0
51 70 0
51 71 0
51 72 0
51 73 0
51 74 0
51 75 0
51 76 0
51 77 0
51 78 -1
51 79 0
51 80 0
51 81 0
51 82 0
51 83 0
51 84 0
51 85 0
51 86 0
51 87 0
51 88 0
51 89 0
51 90 -1
51 91 0
51 92 0
51 93 0
51 94 0
51 95 0
51 96 0
51 97 0
51 98 -1
51 99 0
51 100 0
51 101 0
51 102 0
51 103 0
51 104 0
51 105 0
51 106 0
51 107 0
51 108 0
51 109 0
51 110 0
51 111 0
51 112 0
51 113 0
51 114 0
51 115 0
51 116 0
51 117 0
51 118 0
51 119 0
51 120 0
51 121 0
51 122 0
51 123 0
51 124 0
51 125 0
51 126 0
51 127 0
51 128 0
51 129 0
51 130 0
51 131 0
51 132 0
51 133 0
51 134 0
51 135 0
51 136 0
51 137 -1
51 138 0
51 139 0
51 140 0
51 141 -1
51 142 0
51 143 0
51 144 0
51 145 0
52 53 -6
52 54 -7
52 55 -2
52 56 0
52 57 0
52 58 -7
52 59 -1
52 60 -7
52 61 -9
52 62 0
52 63 -7
52 64 0
52 65 -3
52 66 -4
52 67 -5
52 68 -3
52 69 -2
52 70 -2
52 71 -2
52 72 -4
52 73 -2
52 74 -4
52 75 -2
52 76 -4
52 77 -2
52 78 -3
52 79 -2
52 80 -2
52 81 -2
52 82 -1
52 83 -4
52 84 -5
52 85 -5
52 86 -5
52 87 0
52 88 -1
52 89 -6
52 90 -3
52 91 -11
52 92 -4
52 93 0
52 94 -4
52 95 -3
52 96 -6
52 97 -4
52 98 -5
52 99 -3
52 100 -1
52 101 -8
52 102 0
52 103 -3
52 104 -1
52 105 -2
52 106 -3
52 107 0
52 108 0
52 109 -1
52 110 -3
52 111 -9
52 112 -1
52 113 -3
52 114 -3
52 115 -1
52 116 -1
52 117 -1
52 118 -3
52 119 -9
52 120 -3
52 121 -3
52 122 -5
52 123 -1
52 124 0
52 125 -3
52 126 -5
52 127 -3
52 128 -4
52 129 -3
52 130 -1
52 131 -8
52 132 -7
52 133 -15
52 134 -1
52 135 -17
52 136 -8
52 137 -8
52 138 -2
52 139 -1
52 140 -4
52 141 -28
52 142 -5
52 143 -1
52 144 0
52 145 0
53 54 -3
53 55 -1
53 56 0
53 57 0
53 58 -5
53 59 0
53 60 -5
53 61 -5
53 62 0
53 63 -4
53 64 0
53 65 -1
53 66 -6
53 67 -1
53 68 -2
53 69 -1
53 70 -2
53 71 0
53 72 -6
53 73 -1
53 74 -2
53 75 0
53 76 -7
53 77 -1
53 78 -2
53 79 -4
53 80 -1
53 81 -1
53 82 -1
53 83 -3
53 84 -7
53 85 -1
53 86 -5
53 87 0
53 88 0
53 89 -1
53 90 -1
53 91 -6
53 92 -1
53 93 0
53 94 -2
53 95 -2
53 96 -4
53 97 -7
53 98 -1
53 99 -2
53 100 0
53 101 -3
53 102 0
53 103 -3
53 104 -1
53 105 0
53 106 -2
53 107 0
53 108 0
53 109 -1
53 110 -1
53 111 -4
53 112 -1
53 113 -1
53 114 -2
53 115 -1
53 116 -2
53 117 -1
53 118 -1
53 119 -7
53 120 -1
53 121 -2
53 122 -2
53 123 -2
53 124 0
53 125 0
53 126 -2
53 127 -1
53 128 -3
53 129 -6
53 130 -1
53 131 -3
53 132 -3
53 133 -8
53 134 -1
53 135 -8
53 136 -3
53 137 -1
53 138 0
53 139 0
53 140 0
53 141 -16
53 142 -1
53 143 0
53 144 0
53 145 -2
54 55 0
54 56 0
54 57 0
54 58 -6
54 59 -1
54 60 -5
54 61 -8
54 62 -2
54 63 -5
54 64 0
54 65 -3
54 66 -7
54 67 -4
54 68 -5
54 69 -1
54 70 -2
54 71 -3
54 72 -4
54 73 -1
54 74 -2
54 75 -1
54 76 -2
54 77 -1
54 78 -5
54 79 -2
54 80 -3
54 81 -1
54 82 -1
54 83 -6
54 84 -4
54 85 -5
54 86 -1
54 87 0
54 88 0
54 89 -3
54 90 -1
54 91 -7
54 92 -1
54 93 -1
54 94 -2
54 95 -6
54 96 -9
54 97 -3
54 98 -7
54 99 -2
54 100 -1
54 101 -8
54 102 0
54 103 -2
54 104 -1
54 105 -1
54 106 -1
54 107 0
54 108 0
54 109 -1
54 110 -2
54 111 -4
54 112 0
54 113 -4
54 114 -2
54 115 -2
54 116 0
54 117 -1
54 118 -1
54 119 -7
54 120 -1
54 121 -1
54 122 -5
54 123 -3
54 124 -1
54 125 -3
54 126 -5
54 127 -4
54 128 -2
54 129 -2
54 130 -1
54 131 -7
54 132 -3
54 133 -11
54 134 -1
54 135 -11
54 136 -2
54 137 -10
54 138 0
54 139 -1
54 140 -1
54 141 -18
54 142 -4
54 143 0
54 144 0
54 145 0
55 56 0
55 57 0
55 58 -2
55 59 0
55 60 -1
55 61 0
55 62 0
55 63 -2
55 64 0
55 65 0
55 66 0
55 67 -2
55 68 0
55 69 -1
55 70 0
55 71 -1
55 72 0
55 73 0
55 74 -1
55 75 -1
55 76 -2
55 77 0
55 78 -1
55 79 0
55 80 0
55 81 -1
55 82 0
55 83 -2
55 84 -1
55 85 0
55 86 -2
55 87 0
55 88 -1
55 89 0
55 90 -2
55 91 -1
55 92 -1
55 93 0
55 94 -2
55 95 -2
55 96 -1
55 97 -1
55 98 -1
55 99 -2
55 100 -1
55 101 -2
55 102 -1
55 103 -1
55 104 0
55 105 0
55 106 -1
55 107 0
55 108 0
55 109 0
55 110 0
55 111 -4
55 112 0
55 113 0
55 114 0
55 115 0
55 116 0
55 117 0
55 118 -2
55 119 -2
55 120 0
55 121 0
55 122 -1
55 123 0
55 124 0
55 125 0
55 126 -2
55 127 0
55 128 0
55 129 -1
55 130 0
55 131 -1
55 132 -3
55 133 -1
55 134 0
55 135 -1
55 136 0
55 137 -2
55 138 -2
55 139 0
55 140 -1
55 141 -9
55 142 -3
55 143 -1
55 144 0
55 145 0
56 57 0
56 58 0
56 59 0
56 60 0
56 61 -1
56 62 0
56 63 0
56 64 0
56 65 0
56 66 0
56 67 0
56 68 0
56 69 0
56 70 0
56 71 0
56 72 0
56 73 0
56 74 0
56 75 0
56 76 0
56 77 0
56 78 0
56 79 -1
56 80 0
56 81 0
56 82 0
56 83 0
56 84 0
56 85 0
56 86 0
56 87 0
56 88 0
56 89 0
56 90 0
56 91 0
56 92 0
56 93 0
56 94 0
56 95 0
56 96 0
56 97 0
56 98 0
56 99 0
56 100 0
56 101 0
56 102 0
56 103 0
56 104 0
56 105 0
56 106 0
56 107 0
56 108 0
56 109 0
56 110 0
56 111 0
56 112 0
56 113 0
56 114 0
56 115 0
56 116 0
56 117 0
56 118 0
56 119 0
56 120 -1
56 121 0
56 122 0
56 123 0
56 124 0
56 125 0
56 126 0
56 127 0
56 128 0
56 129 0
56 130 0
56 131 -1
56 132 0
56 133 0
56 134 0
56 135 0
56 136 0
56 137 0
56 138 0
56 139 0
56 140 0
56 141 -1
56 142 0
56 143 0
56 144 0
56 145 0
57 58 0
57 59 0
57 60 0
57 61 -1
57 62 0
57 63 0
57 64 0
57 65 0
57 66 0
57 67 0
57 68 0
57 69 -1
57 70 0
57 71 0
57 72 0
57 73 0
57 74 -1
57 75 0
57 76 0
57 77 0
57 78 0
57 79 0
57 80 0
57 81 0
57 82 0
57 83 0
57 84 0
57 85 0
57 86 0
57 87 0
57 88 0
57 89 0
57 90 0
57 91 0
57 92 0
57 93 0
57 94 0
57 95 0
57 96 0
57 97 0
57 98 0
57 99 0
57 100 0
57 101 0
57 102 0
57 103 0
57 104 0
57 105 0
57 106 0
57 107 0
57 108 0
57 109 0
57 110 0
57 111 0
57 112 0
57 113 0
57 114 -1
57 115 0
57 116 0
57 117 0
57 118 0
57 119 -1
57 120 0
57 121 0
57 122 0
57 123 0
57 124 0
57 125 0
57 126 0
57 127 0
57 128 0
57 129 0
57 130 0
57 131 0
57 132 0
57 133 0
57 134 0
57 135 0
57 136 0
57 137 0
57 138 0
57 139 0
57 140 0
57 141 -1
57 142 0
57 143 0
57 144 0
57 145 0
58 59 0
58 60 -7
58 61 -7
58 62 -1
58 63 -8
58 64 0
58 65 -2
58 66 -6
58 67 -8
58 68 -2
58 69 -1
58 70 -2
58 71 -2
58 72 -6
58 73 0
58 74 -4
58 75 0
58 76 -6
58 77 -3
58 78 -4
58 79 -3
58 80 -3
58 81 -5
58 82 -2
58 83 -7
58 84 -5
58 85 -3
58 86 -3
58 87 0
58 88 -4
58 89 -6
58 90 -3
58 91 -10
58 92 -5
58 93 -1
58 94 -3
58 95 -7
58 96 -13
58 97 -2
58 98 -7
58 99 -2
58 100 -4
58 101 -8
58 102 0
58 103 -2
58 104 -1
58 105 0
58 106 -3
58 107 -1
58 108 0
58 109 -1
58 110 -1
58 111 -12
58 112 -1
58 113 -2
58 114 -1
58 115 -1
58 116 -3
58 117 -1
58 118 -7
58 119 -8
58 120 -4
58 121 -3
58 122 -7
58 123 -1
58 124 0
58 125 -1
58 126 -6
58 127 -1
58 128 -2
58 129 -2
58 130 -1
58 131 -5
58 132 -9
58 133 -17
58 134 -1
58 135 -12
58 136 -3
58 137 -11
58 138 -2
58 139 0
58 140 -2
58 141 -27
58 142 -9
58 143 -2
58 144 -1
58 145 -2
59 60 0
59 61 -1
59 62 0
59 63 0
59 64 0
59 65 0
59 66 0
59 67 0
59 68 0
59 69 0
59 70 0
59 71 0
59 72 -1
59 73 -1
59 74 -2
59 75 0
59 76 0
59 77 0
59 78 -2
59 79 0
59 80 0
59 81 0
59 82 0
59 83 0
59 84 -1
59 85 0
59 86 0
59 87 0
59 88 0
59 89 -1
59 90 -1
59 91 -1
59 92 0
59 93 0
59 94 0
59 95 -1
59 96 -1
59 97 -1
59 98 -1
59 99 0
59 100 0
59 101 0
59 102 0
59 103 0
59 104 0
59 105 0
59 106 0
59 107 0
59 108 0
59 109 0
59 110 -1
59 111 0
59 112 0
59 113 0
59 114 0
59 115 -1
59 116 -1
59 117 0
59 118 0
59 119 0
59 120 -1
59 121 0
59 122 0
59 123 0
59 124 0
59 125 0
59 126 0
59 127 0
59 128 0
59 129 -1
59 130 0
59 131 -1
59 132 0
59 133 -1
59 134 0
59 135 -1
59 136 0
59 137 0
59 138 0
59 139 -1
59 140 0
59 141 -4
59 142 0
59 143 0
59 144 0
59 145 -1
60 61 -9
60 62 0
60 63 -5
60 64 0
60 65 -2
60 66 -4
60 67 -3
60 68 -3
60 69 0
60 70 -2
60 71 -2
60 72 -4
60 73 0
60 74 -3
60 75 -1
60 76 -5
60 77 0
60 78 -7
60 79 -3
60 80 -3
60 81 -2
60 82 -1
60 83 -4
60 84 -4
60 85 -5
60 86 -2
60 87 0
60 88 -2
60 89 -3
60 90 -2
60 91 -7
60 92 -1
60 93 0
60 94 -2
60 95 -3
60 96 -6
60 97 -4
60 98 -3
60 99 -2
60 100 -1
60 101 -6
60 102 0
60 103 -2
60 104 -1
60 105 -1
60 106 -1
60 107 0
60 108 0
60 109 -1
60 110 -2
60 111 -3
60 112 -1
60 113 -4
60 114 -3
60 115 0
60 116 -2
60 117 -1
60 118 -1
60 119 -6
60 120 -1
60 121 -1
60 122 -1
60 123 -2
60 124 0
60 125 -3
60 126 -6
60 127 -3
60 128 -3
60 129 -2
60 130 -1
60 131 -3
60 132 -2
60 133 -10
60 134 -1
60 135 -12
60 136 -1
60 137 -5
60 138 -2
60 139 0
60 140 -2
60 141 -14
60 142 -1
60 143 -1
60 144 0
60 145 -2
61 62 0
61 63 -6
61 64 0
61 65 -2
61 66 -5
61 67 -3
61 68 -4
61 69 -4
61 70 -1
61 71 -1
61 72 -5
61 73 0
61 74 -2
61 75 -1
61 76 -14
61 77 -2
61 78 -17
61 79 -4
61 80 -4
61 81 -1
61 82 -1
61 83 -3
61 84 -6
61 85 -3
61 86 -2
61 87 0
61 88 0
61 89 -5
61 90 -6
61 91 -11
61 92 -1
61 93 0
61 94 -3
61 95 -2
61 96 -9
61 97 -4
61 98 -3
61 99 -2
61 100 -4
61 101 -4
61 102 -1
61 103 -4
61 104 -1
61 105 -1
61 106 -1
61 107 0
61 108 0
61 109 -1
61 110 -2
61 111 -6
61 112 -3
61 113 -5
61 114 -9
61 115 -2
61 116 -3
61 117 -1
61 118 -1
61 119 -13
61 120 -5
61 121 -2
61 122 -2
61 123 -1
61 124 0
61 125 -3
61 126 -6
61 127 -3
61 128 -2
61 129 -10
61 130 -1
61 131 -9
61 132 -4
61 133 -14
61 134 -1
61 135 -10
61 136 -1
61 137 -5
61 138 0
61 139 -1
61 140 0
61 141 -33
61 142 0
61 143 -1
61 144 -1
61 145 -2
62 63 0
62 64 0
62 65 -1
62 66 -1
62 67 0
62 68 -2
62 69 0
62 70 0
62 71 0
62 72 0
62 73 0
62 74 0
62 75 0
62 76 0
62 77 0
62 78 0
62 79 0
62 80 0
62 81 0
62 82 0
62 83 0
62 84 0
62 85 0
62 86 0
62 87 0
62 88 0
62 89 0
62 90 0
62 91 0
62 92 0
62 93 -1
62 94 0
62 95 -2
62 96 -1
62 97 0
62 98 -1
62 99 0
62 100 -1
62 101 -1
62 102 0
62 103 0
62 104 0
62 105 0
62 106 0
62 107 0
62 108 0
62 109 0
62 110 0
62 111 0
62 112 0
62 113 0
62 114 0
62 115 0
62 116 0
62 117 0
62 118 0
62 119 0
62 120 0
62 121 0
62 122 0
62 123 0
62 124 0
62 125 0
62 126 0
62 127 -1
62 128 0
62 129 0
62 130 0
62 131 0
62 132 0
62 133 0
62 134 0
62 135 -1
62 136 0
62 137 0
62 138 0
62 139 0
62 140 0
62 141 -2
62 142 0
62 143 0
62 144 0
62 145 0
63 64 0
63 65 0
63 66 -3
63 67 -8
63 68 0
63 69 -1
63 70 0
63 71 -2
63 72 -2
63 73 -1
63 74 -4
63 75 0
63 76 -5
63 77 -1
63 78 -5
63 79 -4
63 80 -1
63 81 -1
63 82 0
63 83 -2
63 84 -1
63 85 -1
63 86 -2
63 87 -1
63 88 -1
63 89 -5
63 90 -3
63 91 -4
63 92 -2
63 93 0
63 94 0
63 95 -5
63 96 -9
63 97 -1
63 98 -4
63 99 -1
63 100 -2
63 101 -11
63 102 -1
63 103 0
63 104 0
63 105 0
63 106 -1
63 107 0
63 108 0
63 109 0
63 110 0
63 111 -7
63 112 -1
63 113 -1
63 114 -1
63 115 0
63 116 -3
63 117 0
63 118 -4
63 119 -4
63 120 -4
63 121 -2
63 122 -4
63 123 0
63 124 0
63 125 -1
63 126 -4
63 127 0
63 128 -1
63 129 -2
63 130 0
63 131 -4
63 132 -4
63 133 -9
63 134 0
63 135 -8
63 136 -2
63 137 -13
63 138 -1
63 139 0
63 140 0
63 141 -24
63 142 -11
63 143 -3
63 144 -1
63 145 -2
64 65 0
64 66 0
64 67 0
64 68 0
64 69 0
64 70 0
64 71 0
64 72 0
64 73 0
64 74 0
64 75 0
64 76 0
64 77 0
64 78 0
64 79 -1
64 80 0
64 81 0
64 82 0
64 83 0
64 84 0
64 85 0
64 86 0
64 87 0
64 88 0
64 89 0
64 90 -1
64 91 0
64 92 0
64 93 0
64 94 0
64 95 -1
64 96 0
64 97 0
64 98 0
64 99 0
64 100 0
64 101 0
64 102 0
64 103 0
64 104 0
64 105 0
64 106 -1
64 107 0
64 108 0
64 109 0
64 110 0
64 111 0
64 112 0
64 113 0
64 114 0
64 115 0
64 116 0
64 117 0
64 118 0
64 119 0
64 120 -1
64 121 0
64 122 0
64 123 0
64 124 0
64 125 0
64 126 -1
64 127 0
64 128 0
64 129 -1
64 130 0
64 131 0
64 132 0
64 133 0
64 134 0
64 135 0
64 136 0
64 137 0
64 138 0
64 139 0
64 140 0
64 141 -1
64 142 0
64 143 0
64 144 0
64 145 0
65 66 -2
65 67 -1
65 68 -2
65 69 0
65 70 -1
65 71 0
65 72 -1
65 73 0
65 74 0
65 75 0
65 76 0
65 77 -1
65 78 -1
65 79 -1
65 80 0
65 81 -1
65 82 -1
65 83 -2
65 84 -1
65 85 -1
65 86 0
65 87 0
65 88 0
65 89 0
65 90 -1
65 91 -2
65 92 0
65 93 -1
65 94 -2
65 95 -2
65 96 -3
65 97 0
65 98 0
65 99 -1
65 100 -1
65 101 -2
65 102 0
65 103 -1
65 104 -1
65 105 -1
65 106 -1
65 107 0
65 108 0
65 109 -1
65 110 -1
65 111 -2
65 112 0
65 113 -2
65 114 -1
65 115 0
65 116 0
65 117 -1
65 118 -2
65 119 -2
65 120 0
65 121 0
65 122 -2
65 123 -1
65 124 0
65 125 -1
65 126 -1
65 127 -2
65 128 -2
65 129 0
65 130 -1
65 131 -1
65 132 0
65 133 -2
65 134 -1
65 135 -3
65 136 0
65 137 -1
65 138 0
65 139 0
65 140 0
65 141 -3
65 142 0
65 143 0
65 144 0
65 145 0
66 67 -2
66 68 -6
66 69 -1
66 70 -4
66 71 -1
66 72 -4
66 73 -1
66 74 -2
66 75 0
66 76 -5
66 77 -3
66 78 -2
66 79 -3
66 80 -1
66 81 0
66 82 0
66 83 -4
66 84 -5
66 85 -5
66 86 -2
66 87 0
66 88 0
66 89 -3
66 90 0
66 91 -8
66 92 -5
66 93 -1
66 94 -4
66 95 -2
66 96 -9
66 97 -2
66 98 -4
66 99 -1
66 100 -1
66 101 -5
66 102 0
66 103 -1
66 104 0
66 105 -1
66 106 0
66 107 0
66 108 0
66 109 0
66 110 0
66 111 -5
66 112 -2
66 113 -2
66 114 0
66 115 -1
66 116 -4
66 117 0
66 118 -1
66 119 -4
66 120 0
66 121 0
66 122 -4
66 123 -3
66 124 -1
66 125 -2
66 126 -3
66 127 -1
66 128 -1
66 129 -2
66 130 0
66 131 -5
66 132 -4
66 133 -9
66 134 0
66 135 -11
66 136 -2
66 137 -5
66 138 0
66 139 0
66 140 -2
66 141 -16
66 142 -2
66 143 0
66 144 0
66 145 -2
67 68 -1
67 69 -1
67 70 -1
67 71 -3
67 72 -1
67 73 0
67 74 -3
67 75 -1
67 76 0
67 77 -3
67 78 -4
67 79 -4
67 80 -5
67 81 -1
67 82 -1
67 83 -1
67 84 -1
67 85 0
67 86 0
67 87 0
67 88 -3
67 89 -7
67 90 -5
67 91 -6
67 92 -3
67 93 0
67 94 -3
67 95 -11
67 96 -12
67 97 0
67 98 -8
67 99 -2
67 100 -1
67 101 -13
67 102 -1
67 103 -2
67 104 -1
67 105 0
67 106 -5
67 107 0
67 108 0
67 109 -1
67 110 -1
67 111 -6
67 112 0
67 113 -1
67 114 -2
67 115 0
67 116 -3
67 117 -1
67 118 -9
67 119 -7
67 120 -5
67 121 -1
67 122 -5
67 123 -2
67 124 0
67 125 0
67 126 -6
67 127 -1
67 128 -2
67 129 -2
67 130 -1
67 131 -7
67 132 -6
67 133 -11
67 134 -1
67 135 -6
67 136 -5
67 137 -15
67 138 -4
67 139 0
67 140 0
67 141 -21
67 142 -12
67 143 -4
67 144 -1
67 145 0
68 69 -1
68 70 -1
68 71 0
68 72 -1
68 73 -1
68 74 0
68 75 -1
68 76 -1
68 77 -1
68 78 -3
68 79 -2
68 80 0
68 81 -1
68 82 0
68 83 -3
68 84 -2
68 85 -7
68 86 -1
68 87 0
68 88 0
68 89 -2
68 90 -1
68 91 -2
68 92 -1
68 93 -1
68 94 -5
68 95 -4
68 96 -5
68 97 -2
68 98 -5
68 99 0
68 100 -3
68 101 -4
68 102 0
68 103 -1
68 104 0
68 105 -1
68 106 0
68 107 0
68 108 0
68 109 0
68 110 0
68 111 -2
68 112 0
68 113 -2
68 114 -4
68 115 0
68 116 -2
68 117 0
68 118 -1
68 119 -3
68 120 -1
68 121 -2
68 122 -2
68 123 -3
68 124 0
68 125 -2
68 126 -2
68 127 -2
68 128 -1
68 129 -3
68 130 0
68 131 -2
68 132 -1
68 133 -7
68 134 0
68 135 -6
68 136 -1
68 137 -6
68 138 -1
68 139 0
68 140 -3
68 141 -16
68 142 0
68 143 0
68 144 0
68 145 -1
69 70 0
69 71 0
69 72 -2
69 73 -1
69 74 -2
69 75 0
69 76 -3
69 77 0
69 78 -3
69 79 0
69 80 -2
69 81 0
69 82 0
69 83 -1
69 84 -1
69 85 0
69 86 -1
69 87 0
69 88 0
69 89 -2
69 90 -3
69 91 -2
69 92 -1
69 93 0
69 94 -1
69 95 -1
69 96 0
69 97 0
69 98 -2
69 99 0
69 100 -2
69 101 0
69 102 0
69 103 -2
69 104 0
69 105 0
69 106 0
69 107 0
69 108 0
69 109 0
69 110 0
69 111 -1
69 112 0
69 113 0
69 114 -4
69 115 0
69 116 0
69 117 0
69 118 0
69 119 -3
69 120 -2
69 121 0
69 122 0
69 123 0
69 124 0
69 125 0
69 126 0
69 127 0
69 128 0
69 129 0
69 130 0
69 131 -2
69 132 -1
69 133 -3
69 134 0
69 135 -3
69 136 -2
69 137 -2
69 138 0
69 139 0
69 140 0
69 141 -9
69 142 0
69 143 0
69 144 0
69 145 -1
70 71 -1
70 72 -2
70 73 0
70 74 -1
70 75 0
70 76 -1
70 77 -1
70 78 0
70 79 -3
70 80 0
70 81 -1
70 82 -1
70 83 -2
70 84 -2
70 85 -2
70 86 0
70 87 0
70 88 0
70 89 0
70 90 -1
70 91 -3
70 92 0
70 93 0
70 94 -3
70 95 -1
70 96 -2
70 97 -1
70 98 0
70 99 -2
70 100 0
70 101 -3
70 102 0
70 103 -1
70 104 -1
70 105 0
70 106 -1
70 107 0
70 108 0
70 109 -1
70 110 -1
70 111 -1
70 112 -1
70 113 -1
70 114 -1
70 115 0
70 116 -1
70 117 -1
70 118 -1
70 119 -1
70 120 0
70 121 0
70 122 -2
70 123 -1
70 124 -1
70 125 0
70 126 0
70 127 -1
70 128 -1
70 129 -1
70 130 -1
70 131 -1
70 132 -1
70 133 -2
70 134 -1
70 135 -3
70 136 -1
70 137 -2
70 138 0
70 139 0
70 140 -1
70 141 -4
70 142 0
70 143 0
70 144 0
70 145 -1
71 72 0
71 73 -4
71 74 -3
71 75 0
71 76 0
71 77 0
71 78 -1
71 79 -3
71 80 -3
71 81 0
71 82 0
71 83 -1
71 84 0
71 85 -1
71 86 0
71 87 0
71 88 -2
71 89 -2
71 90 -5
71 91 -2
71 92 0
71 93 0
71 94 0
71 95 -7
71 96 -3
71 97 0
71 98 -2
71 99 -2
71 100 0
71 101 -4
71 102 -2
71 103 0
71 104 0
71 105 0
71 106 0
71 107 0
71 108 0
71 109 0
71 110 0
71 111 0
71 112 0
71 113 0
71 114 0
71 115 0
71 116 0
71 117 0
71 118 0
71 119 -2
71 120 -4
71 121 -1
71 122 -3
71 123 -1
71 124 -1
71 125 0
71 126 -2
71 127 0
71 128 0
71 129 -3
71 130 0
71 131 -2
71 132 -1
71 133 -3
71 134 0
71 135 -4
71 136 0
71 137 -7
71 138 -2
71 139 0
71 140 -1
71 141 -10
71 142 -2
71 143 -2
71 144 0
71 145 0
72 73 0
72 74 -3
72 75 0
72 76 -4
72 77 -1
72 78 -1
72 79 -2
72 80 -2
72 81 -1
72 82 -1
72 83 -5
72 84 -7
72 85 -1
72 86 -3
72 87 0
72 88 0
72 89 -4
72 90 -1
72 91 -7
72 92 -4
72 93 0
72 94 -2
72 95 -1
72 96 -4
72 97 -4
72 98 -3
72 99 -1
72 100 0
72 101 -2
72 102 0
72 103 -2
72 104 -1
72 105 0
72 106 -1
72 107 0
72 108 0
72 109 -1
72 110 -1
72 111 -5
72 112 -1
72 113 -1
72 114 -2
72 115 -2
72 116 -1
72 117 -1
72 118 -1
72 119 -3
72 120 0
72 121 -1
72 122 -2
72 123 -1
72 124 0
72 125 0
72 126 -1
72 127 -1
72 128 -2
72 129 -3
72 130 -1
72 131 -4
72 132 -3
72 133 -9
72 134 -1
72 135 -8
72 136 -1
72 137 -1
72 138 0
72 139 -1
72 140 0
72 141 -10
72 142 0
72 143 0
72 144 0
72 145 -1
73 74 -3
73 75 0
73 76 -1
73 77 0
73 78 0
73 79 -7
73 80 -2
73 81 0
73 82 0
73 83 0
73 84 -1
73 85 -1
73 86 0
73 87 -1
73 88 0
73 89 0
73 90 -7
73 91 -1
73 92 -1
73 93 0
73 94 0
73 95 -7
73 96 -2
73 97 -2
73 98 0
73 99 0
73 100 -3
73 101 0
73 102 -2
73 103 -1
73 104 0
73 105 0
73 106 0
73 107 0
73 108 0
73 109 0
73 110 -3
73 111 -1
73 112 -1
73 113 0
73 114 -1
73 115 0
73 116 -2
73 117 0
73 118 -1
73 119 -2
73 120 -6
73 121 0
73 122 -1
73 123 -1
73 124 0
73 125 -1
73 126 0
73 127 0
73 128 0
73 129 -5
73 130 0
73 131 -1
73 132 -1
73 133 -1
73 134 0
73 135 -1
73 136 0
73 137 -7
73 138 0
73 139 0
73 140 -2
73 141 -12
73 142 -1
73 143 0
73 144 0
73 145 -2
74 75 0
74 76 -1
74 77 0
74 78 0
74 79 -5
74 80 -1
74 81 0
74 82 -1
74 83 -3
74 84 -2
74 85 -2
74 86 -2
74 87 -1
74 88 -1
74 89 -4
74 90 -5
74 91 -7
74 92 -2
74 93 0
74 94 0
74 95 -4
74 96 -3
74 97 -5
74 98 -4
74 99 -2
74 100 -1
74 101 -3
74 102 0
74 103 0
74 104 0
74 105 0
74 106 0
74 107 -1
74 108 0
74 109 0
74 110 -1
74 111 -1
74 112 0
74 113 0
74 114 -2
74 115 -1
74 116 -1
74 117 0
74 118 -1
74 119 -7
74 120 0
74 121 -3
74 122 -2
74 123 -4
74 124 -1
74 125 0
74 126 -2
74 127 0
74 128 -1
74 129 -1
74 130 0
74 131 -2
74 132 -2
74 133 -8
74 134 0
74 135 -7
74 136 -3
74 137 -1
74 138 -2
74 139 -1
74 140 -2
74 141 -15
74 142 -3
74 143 -2
74 144 0
74 145 -1
75 76 0
75 77 -1
75 78 -1
75 79 0
75 80 -1
75 81 0
75 82 0
75 83 -1
75 84 0
75 85 0
75 86 -1
75 87 0
75 88 0
75 89 0
75 90 0
75 91 0
75 92 0
75 93 0
75 94 -1
75 95 0
75 96 0
75 97 -1
75 98 -1
75 99 0
75 100 0
75 101 -1
75 102 0
75 103 -1
75 104 0
75 105 0
75 106 0
75 107 0
75 108 0
75 109 0
75 110 0
75 111 -1
75 112 0
75 113 0
75 114 0
75 115 0
75 116 0
75 117 0
75 118 -1
75 119 0
75 120 0
75 121 0
75 122 0
75 123 0
75 124 0
75 125 0
75 126 -1
75 127 0
75 128 0
75 129 0
75 130 0
75 131 0
75 132 -1
75 133 -2
75 134 0
75 135 0
75 136 -1
75 137 0
75 138 0
75 139 0
75 140 -1
75 141 -3
75 142 -1
75 143 0
75 144 0
75 145 0
76 77 -1
76 78 -14
76 79 -2
76 80 -2
76 81 0
76 82 0
76 83 -2
76 84 -7
76 85 -2
76 86 -3
76 87 0
76 88 0
76 89 -3
76 90 -5
76 91 -4
76 92 -1
76 93 0
76 94 -1
76 95 0
76 96 -2
76 97 -4
76 98 -2
76 99 -1
76 100 -6
76 101 -2
76 102 -1
76 103 -3
76 104 0
76 105 0
76 106 -1
76 107 0
76 108 0
76 109 0
76 110 -1
76 111 -4
76 112 -2
76 113 -2
76 114 -5
76 115 -1
76 116 -2
76 117 0
76 118 0
76 119 -8
76 120 -3
76 121 -2
76 122 0
76 123 0
76 124 0
76 125 -2
76 126 -3
76 127 0
76 128 0
76 129 -7
76 130 0
76 131 -4
76 132 -4
76 133 -6
76 134 0
76 135 -7
76 136 0
76 137 -2
76 138 0
76 139 0
76 140 0
76 141 -21
76 142 0
76 143 0
76 144 0
76 145 -3
77 78 -1
77 79 0
77 80 -2
77 81 -1
77 82 0
77 83 -1
77 84 -1
77 85 0
77 86 -1
77 87 0
77 88 0
77 89 -2
77 90 0
77 91 -1
77 92 -1
77 93 0
77 94 -1
77 95 -1
77 96 -3
77 97 -1
77 98 -2
77 99 0
77 100 0
77 101 -2
77 102 0
77 103 -2
77 104 0
77 105 0
77 106 -1
77 107 0
77 108 0
77 109 0
77 110 0
77 111 -2
77 112 0
77 113 0
77 114 0
77 115 -1
77 116 -1
77 117 0
77 118 -5
77 119 -2
77 120 -1
77 121 0
77 122 -4
77 123 0
77 124 0
77 125 0
77 126 -2
77 127 0
77 128 0
77 129 -1
77 130 0
77 131 -3
77 132 -2
77 133 -4
77 134 0
77 135 -1
77 136 -1
77 137 -2
77 138 0
77 139 0
77 140 0
77 141 -9
77 142 -3
77 143 0
77 144 0
77 145 0
78 79 0
78 80 -4
78 81 0
78 82 0
78 83 -2
78 84 -3
78 85 -3
78 86 0
78 87 0
78 88 -1
78 89 -3
78 90 -6
78 91 -3
78 92 0
78 93 0
78 94 -1
78 95 -5
78 96 -5
78 97 -1
78 98 -6
78 99 0
78 100 -6
78 101 -2
78 102 -1
78 103 -3
78 104 0
78 105 -1
78 106 0
78 107 0
78 108 0
78 109 0
78 110 -1
78 111 -3
78 112 -1
78 113 -4
78 114 -6
78 115 0
78 116 0
78 117 0
78 118 -1
78 119 -10
78 120 -6
78 121 -2
78 122 0
78 123 -1
78 124 0
78 125 -3
78 126 -4
78 127 -2
78 128 -1
78 129 -7
78 130 0
78 131 -5
78 132 -2
78 133 -8
78 134 0
78 135 -5
78 136 -1
78 137 -7
78 138 0
78 139 0
78 140 0
78 141 -27
78 142 -1
78 143 0
78 144 0
78 145 -1
79 80 -1
79 81 -1
79 82 -1
79 83 -2
79 84 -2
79 85 -2
79 86 0
79 87 -1
79 88 0
79 89 -3
79 90 -4
79 91 -4
79 92 -2
79 93 0
79 94 -3
79 95 -13
79 96 -8
79 97 -4
79 98 -1
79 99 -1
79 100 -2
79 101 -4
79 102 -1
79 103 -1
79 104 -1
79 105 0
79 106 -4
79 107 0
79 108 0
79 109 -1
79 110 -1
79 111 -3
79 112 -3
79 113 -2
79 114 -1
79 115 0
79 116 -5
79 117 -1
79 118 -3
79 119 -5
79 120 -7
79 121 0
79 122 -2
79 123 -2
79 124 0
79 125 0
79 126 -5
79 127 -1
79 128 -1
79 129 -11
79 130 -1
79 131 -8
79 132 -6
79 133 -2
79 134 -1
79 135 -5
79 136 0
79 137 -8
79 138 0
79 139 0
79 140 -1
79 141 -23
79 142 -1
79 143 -1
79 144 0
79 145 -2
80 81 0
80 82 0
80 83 0
80 84 -2
80 85 0
80 86 -2
80 87 0
80 88 -1
80 89 -3
80 90 -2
80 91 -4
80 92 0
80 93 0
80 94 -1
80 95 -5
80 96 -2
80 97 -2
80 98 -4
80 99 0
80 100 -2
80 101 -4
80 102 -1
80 103 -2
80 104 0
80 105 0
80 106 0
80 107 0
80 108 0
80 109 0
80 110 0
80 111 -3
80 112 0
80 113 0
80 114 -2
80 115 -1
80 116 0
80 117 0
80 118 -2
80 119 -5
80 120 -4
80 121 0
80 122 0
80 123 -2
80 124 0
80 125 0
80 126 -1
80 127 0
80 128 0
80 129 -3
80 130 0
80 131 -4
80 132 -4
80 133 -6
80 134 0
80 135 -6
80 136 -2
80 137 -5
80 138 0
80 139 0
80 140 0
80 141 -14
80 142 -3
80 143 0
80 144 0
80 145 0
81 82 -1
81 83 -2
81 84 -1
81 85 -1
81 86 0
81 87 0
81 88 -1
81 89 -1
81 90 -1
81 91 -2
81 92 -2
81 93 0
81 94 -1
81 95 -1
81 96 -1
81 97 0
81 98 -2
81 99 -1
81 100 0
81 101 -2
81 102 0
81 103 -2
81 104 -1
81 105 0
81 106 -2
81 107 0
81 108 0
81 109 -1
81 110 -1
81 111 -3
81 112 0
81 113 -1
81 114 -2
81 115 0
81 116 0
81 117 -1
81 118 -5
81 119 -3
81 120 0
81 121 0
81 122 -4
81 123 0
81 124 0
81 125 0
81 126 0
81 127 -1
81 128 -1
81 129 0
81 130 -1
81 131 0
81 132 0
81 133 -3
81 134 -1
81 135 -2
81 136 0
81 137 -2
81 138 -1
81 139 0
81 140 -1
81 141 -5
81 142 -2
81 143 0
81 144 0
81 145 0
82 83 -1
82 84 -1
82 85 0
82 86 0
82 87 0
82 88 0
82 89 -1
82 90 -1
82 91 -2
82 92 0
82 93 0
82 94 -1
82 95 -1
82 96 -1
82 97 0
82 98 -1
82 99 -1
82 100 0
82 101 -1
82 102 0
82 103 -1
82 104 -1
82 105 0
82 106 -1
82 107 -1
82 108 0
82 109 -1
82 110 -1
82 111 -1
82 112 0
82 113 -1
82 114 -1
82 115 0
82 116 0
82 117 -1
82 118 -1
82 119 -1
82 120 0
82 121 -1
82 122 -1
82 123 0
82 124 0
82 125 0
82 126 0
82 127 -1
82 128 -1
82 129 0
82 130 -1
82 131 0
82 132 0
82 133 -2
82 134 -1
82 135 -1
82 136 -1
82 137 -1
82 138 0
82 139 0
82 140 0
82 141 0
82 142 0
82 143 0
82 144 0
82 145 0
83 84 -4
83 85 -4
83 86 -2
83 87 0
83 88 0
83 89 -4
83 90 -1
83 91 -5
83 92 -4
83 93 0
83 94 -3
83 95 -2
83 96 -6
83 97 -2
83 98 -6
83 99 -3
83 100 -2
83 101 -4
83 102 -1
83 103 -1
83 104 -1
83 105 -1
83 106 -1
83 107 0
83 108 0
83 109 -1
83 110 -1
83 111 -10
83 112 0
83 113 -2
83 114 -4
83 115 0
83 116 0
83 117 -1
83 118 -3
83 119 -4
83 120 0
83 121 0
83 122 -5
83 123 -4
83 124 -1
83 125 -1
83 126 -3
83 127 -2
83 128 -2
83 129 0
83 130 -1
83 131 -2
83 132 -4
83 133 -8
83 134 -1
83 135 -8
83 136 0
83 137 -3
83 138 0
83 139 0
83 140 -2
83 141 -15
83 142 -2
83 143 0
83 144 0
83 145 0
84 85 -1
84 86 -4
84 87 0
84 88 0
84 89 -4
84 90 -1
84 91 -7
84 92 -2
84 93 0
84 94 -2
84 95 -1
84 96 -5
84 97 -5
84 98 -3
84 99 -2
84 100 -1
84 101 -3
84 102 0
84 103 -2
84 104 -1
84 105 0
84 106 -1
84 107 0
84 108 0
84 109 -1
84 110 -1
84 111 -5
84 112 -2
84 113 -1
84 114 -1
84 115 -2
84 116 -1
84 117 -1
84 118 -1
84 119 -5
84 120 -1
84 121 -1
84 122 -3
84 123 -1
84 124 0
84 125 0
84 126 -1
84 127 -1
84 128 -1
84 129 -3
84 130 -1
84 131 -4
84 132 -2
84 133 -8
84 134 -1
84 135 -7
84 136 0
84 137 -2
84 138 0
84 139 -1
84 140 -1
84 141 -10
84 142 -1
84 143 0
84 144 0
84 145 -1
85 86 0
85 87 0
85 88 0
85 89 0
85 90 -1
85 91 -3
85 92 0
85 93 0
85 94 -3
85 95 0
85 96 -6
85 97 0
85 98 -4
85 99 -1
85 100 -3
85 101 -3
85 102 0
85 103 -1
85 104 0
85 105 -1
85 106 0
85 107 0
85 108 0
85 109 0
85 110 -2
85 111 -3
85 112 0
85 113 -3
85 114 -3
85 115 0
85 116 0
85 117 0
85 118 0
85 119 -5
85 120 -1
85 121 -1
85 122 -2
85 123 -4
85 124 -1
85 125 -4
85 126 -4
85 127 -2
85 128 -1
85 129 -1
85 130 0
85 131 -2
85 132 -3
85 133 -7
85 134 0
85 135 -8
85 136 -1
85 137 -4
85 138 -1
85 139 0
85 140 -5
85 141 -12
85 142 0
85 143 0
85 144 0
85 145 0
86 87 0
86 88 0
86 89 -1
86 90 0
86 91 -5
86 92 -2
86 93 0
86 94 -2
86 95 0
86 96 -1
86 97 -5
86 98 -1
86 99 -1
86 100 0
86 101 -1
86 102 0
86 103 -1
86 104 0
86 105 0
86 106 0
86 107 0
86 108 0
86 109 0
86 110 0
86 111 -4
86 112 0
86 113 0
86 114 0
86 115 -1
86 116 0
86 117 0
86 118 0
86 119 -2
86 120 0
86 121 -2
86 122 0
86 123 0
86 124 0
86 125 0
86 126 -1
86 127 0
86 128 -2
86 129 -2
86 130 0
86 131 -2
86 132 -4
86 133 -2
86 134 0
86 135 -5
86 136 -1
86 137 0
86 138 0
86 139 0
86 140 -1
86 141 -9
86 142 0
86 143 0
86 144 0
86 145 0
87 88 0
87 89 0
87 90 0
87 91 0
87 92 0
87 93 0
87 94 0
87 95 -1
87 96 0
87 97 0
87 98 0
87 99 0
87 100 0
87 101 0
87 102 0
87 103 0
87 104 0
87 105 0
87 106 0
87 107 0
87 108 0
87 109 0
87 110 0
87 111 0
87 112 0
87 113 0
87 114 0
87 115 0
87 116 0
87 117 0
87 118 0
87 119 -1
87 120 0
87 121 0
87 122 0
87 123 0
87 124 0
87 125 0
87 126 0
87 127 0
87 128 0
87 129 0
87 130 0
87 131 0
87 132 0
87 133 0
87 134 0
87 135 0
87 136 0
87 137 0
87 138 0
87 139 0
87 140 0
87 141 -1
87 142 0
87 143 0
87 144 0
87 145 0
88 89 -3
88 90 -1
88 91 -2
88 92 0
88 93 0
88 94 0
88 95 -3
88 96 -3
88 97 0
88 98 -2
88 99 -1
88 100 0
88 101 -2
88 102 0
88 103 0
88 104 0
88 105 0
88 106 0
88 107 0
88 108 0
88 109 0
88 110 0
88 111 -2
88 112 0
88 113 0
88 114 0
88 115 0
88 116 0
88 117 0
88 118 -1
88 119 -1
88 120 0
88 121 0
88 122 -2
88 123 0
88 124 0
88 125 0
88 126 -1
88 127 0
88 128 0
88 129 0
88 130 0
88 131 0
88 132 0
88 133 -2
88 134 0
88 135 -2
88 136 -1
88 137 -2
88 138 -1
88 139 0
88 140 0
88 141 -5
88 142 -3
88 143 -1
88 144 0
88 145 0
89 90 -1
89 91 -7
89 92 -3
89 93 0
89 94 -2
89 95 -6
89 96 -7
89 97 -1
89 98 -9
89 99 0
89 100 -2
89 101 -4
89 102 0
89 103 0
89 104 0
89 105 0
89 106 -1
89 107 -1
89 108 0
89 109 0
89 110 0
89 111 -4
89 112 -1
89 113 0
89 114 -1
89 115 -1
89 116 -3
89 117 0
89 118 -3
89 119 -2
89 120 -2
89 121 -1
89 122 -6
89 123 -1
89 124 0
89 125 0
89 126 0
89 127 0
89 128 0
89 129 -2
89 130 0
89 131 -5
89 132 -2
89 133 -12
89 134 0
89 135 -8
89 136 -3
89 137 -6
89 138 -1
89 139 -1
89 140 0
89 141 -21
89 142 -3
89 143 -2
89 144 0
89 145 0
90 91 -3
90 92 0
90 93 0
90 94 -2
90 95 -8
90 96 -4
90 97 -1
90 98 -2
90 99 -2
90 100 -4
90 101 -5
90 102 -3
90 103 -3
90 104 -1
90 105 0
90 106 -2
90 107 0
90 108 0
90 109 -1
90 110 -4
90 111 -2
90 112 -1
90 113 -2
90 114 -6
90 115 0
90 116 -2
90 117 -1
90 118 -3
90 119 -8
90 120 -7
90 121 -2
90 122 -2
90 123 -1
90 124 0
90 125 -1
90 126 -4
90 127 -1
90 128 -2
90 129 -5
90 130 -1
90 131 -1
90 132 -1
90 133 -7
90 134 -1
90 135 -5
90 136 -2
90 137 -9
90 138 -2
90 139 0
90 140 -1
90 141 -22
90 142 -3
90 143 -2
90 144 0
90 145 -3
91 92 -4
91 93 0
91 94 -3
91 95 -4
91 96 -8
91 97 -6
91 98 -7
91 99 -3
91 100 -2
91 101 -7
91 102 0
91 103 -3
91 104 -1
91 105 -1
91 106 -1
91 107 -1
91 108 0
91 109 -1
91 110 -1
91 111 -8
91 112 -4
91 113 -2
91 114 -3
91 115 -2
91 116 -2
91 117 -1
91 118 -2
91 119 -10
91 120 -2
91 121 -5
91 122 -4
91 123 -2
91 124 -1
91 125 -1
91 126 -3
91 127 -2
91 128 -4
91 129 -6
91 130 -1
91 131 -6
91 132 -4
91 133 -16
91 134 -1
91 135 -15
91 136 -3
91 137 -9
91 138 -2
91 139 -1
91 140 -3
91 141 -24
91 142 -4
91 143 -2
91 144 0
91 145 -2
92 93 0
92 94 -1
92 95 -1
92 96 -4
92 97 -1
92 98 -3
92 99 -1
92 100 0
92 101 -2
92 102 0
92 103 0
92 104 0
92 105 0
92 106 -1
92 107 0
92 108 0
92 109 0
92 110 0
92 111 -8
92 112 -1
92 113 0
92 114 0
92 115 0
92 116 -1
92 117 0
92 118 -3
92 119 0
92 120 0
92 121 -1
92 122 -3
92 123 0
92 124 0
92 125 0
92 126 -2
92 127 0
92 128 -1
92 129 0
92 130 0
92 131 -3
92 132 -3
92 133 -6
92 134 0
92 135 -4
92 136 -2
92 137 -3
92 138 0
92 139 0
92 140 -1
92 141 -11
92 142 -3
92 143 0
92 144 0
92 145 0
93 94 0
93 95 -1
93 96 -1
93 97 0
93 98 0
93 99 0
93 100 -1
93 101 0
93 102 0
93 103 0
93 104 0
93 105 0
93 106 0
93 107 0
93 108 0
93 109 0
93 110 0
93 111 0
93 112 0
93 113 0
93 114 0
93 115 0
93 116 0
93 117 0
93 118 0
93 119 0
93 120 0
93 121 0
93 122 0
93 123 0
93 124 0
93 125 0
93 126 0
93 127 0
93 128 0
93 129 0
93 130 0
93 131 0
93 132 0
93 133 0
93 134 0
93 135 -1
93 136 0
93 137 0
93 138 0
93 139 0
93 140 0
93 141 -1
93 142 0
93 143 0
93 144 0
93 145 0
94 95 -5
94 96 -5
94 97 -1
94 98 -1
94 99 -2
94 100 0
94 101 -5
94 102 0
94 103 -1
94 104 -1
94 105 -1
94 106 -1
94 107 0
94 108 0
94 109 -1
94 110 -1
94 111 -5
94 112 0
94 113 -3
94 114 -2
94 115 0
94 116 -1
94 117 -1
94 118 -2
94 119 -3
94 120 0
94 121 -1
94 122 -1
94 123 -2
94 124 0
94 125 -2
94 126 -2
94 127 -2
94 128 -3
94 129 -2
94 130 -1
94 131 -3
94 132 -1
94 133 -4
94 134 -1
94 135 -5
94 136 -1
94 137 -4
94 138 0
94 139 0
94 140 -2
94 141 -10
94 142 0
94 143 0
94 144 0
94 145 0
95 96 -11
95 97 -3
95 98 -9
95 99 -2
95 100 -3
95 101 -6
95 102 -1
95 103 -1
95 104 -1
95 105 0
95 106 -2
95 107 0
95 108 0
95 109 -1
95 110 -1
95 111 -4
95 112 0
95 113 -3
95 114 -1
95 115 0
95 116 -4
95 117 -1
95 118 -4
95 119 -9
95 120 -12
95 121 -1
95 122 -3
95 123 -2
95 124 0
95 125 -1
95 126 -5
95 127 -2
95 128 -3
95 129 -13
95 130 -1
95 131 -7
95 132 -5
95 133 -6
95 134 -1
95 135 -6
95 136 -1
95 137 -13
95 138 -2
95 139 0
95 140 0
95 141 -31
95 142 -3
95 143 -3
95 144 0
95 145 -1
96 97 -2
96 98 -8
96 99 -1
96 100 -4
96 101 -13
96 102 -2
96 103 -2
96 104 -1
96 105 -1
96 106 -5
96 107 0
96 108 0
96 109 -1
96 110 -2
96 111 -18
96 112 -1
96 113 -5
96 114 -3
96 115 -2
96 116 -3
96 117 -1
96 118 -8
96 119 -9
96 120 -6
96 121 -1
96 122 -8
96 123 -3
96 124 0
96 125 -3
96 126 -12
96 127 -3
96 128 -3
96 129 -4
96 130 -1
96 131 -13
96 132 -9
96 133 -16
96 134 -1
96 135 -12
96 136 -2
96 137 -18
96 138 -2
96 139 -1
96 140 -2
96 141 -32
96 142 -10
96 143 -1
96 144 -1
96 145 0
97 98 -1
97 99 -1
97 100 -1
97 101 -2
97 102 0
97 103 -1
97 104 0
97 105 0
97 106 -1
97 107 0
97 108 0
97 109 0
97 110 0
97 111 -3
97 112 -1
97 113 0
97 114 0
97 115 -2
97 116 -1
97 117 0
97 118 0
97 119 -5
97 120 0
97 121 -2
97 122 0
97 123 -1
97 124 0
97 125 0
97 126 -3
97 127 0
97 128 -2
97 129 -5
97 130 0
97 131 -3
97 132 -3
97 133 -4
97 134 0
97 135 -5
97 136 -2
97 137 0
97 138 0
97 139 -1
97 140 0
97 141 -13
97 142 0
97 143 0
97 144 0
97 145 -1
98 99 0
98 100 -1
98 101 -5
98 102 -1
98 103 -2
98 104 0
98 105 0
98 106 0
98 107 -1
98 108 0
98 109 0
98 110 0
98 111 -5
98 112 0
98 113 -1
98 114 -1
98 115 -1
98 116 -1
98 117 0
98 118 -5
98 119 -6
98 120 -3
98 121 -2
98 122 -3
98 123 -1
98 124 0
98 125 -1
98 126 -1
98 127 -1
98 128 0
98 129 -1
98 130 0
98 131 -5
98 132 -4
98 133 -11
98 134 0
98 135 -8
98 136 -3
98 137 -11
98 138 -2
98 139 -1
98 140 -2
98 141 -21
98 142 -4
98 143 -1
98 144 0
98 145 0
99 100 0
99 101 -4
99 102 0
99 103 -1
99 104 -1
99 105 0
99 106 -1
99 107 0
99 108 0
99 109 -1
99 110 -1
99 111 -3
99 112 0
99 113 -1
99 114 -1
99 115 0
99 116 0
99 117 -1
99 118 -1
99 119 -3
99 120 0
99 121 0
99 122 -2
99 123 -1
99 124 -1
99 125 0
99 126 -1
99 127 -1
99 128 -1
99 129 0
99 130 -1
99 131 0
99 132 0
99 133 -2
99 134 -1
99 135 -3
99 136 0
99 137 -2
99 138 -1
99 139 0
99 140 -1
99 141 -4
99 142 -1
99 143 -1
99 144 0
99 145 0
100 101 0
100 102 0
100 103 -2
100 104 0
100 105 0
100 106 0
100 107 0
100 108 0
100 109 0
100 110 -1
100 111 -4
100 112 0
100 113 0
100 114 -2
100 115 0
100 116 0
100 117 0
100 118 -1
100 119 -7
100 120 -3
100 121 -1
100 122 -1
100 123 -3
100 124 0
100 125 -1
100 126 -1
100 127 0
100 128 0
100 129 -3
100 130 0
100 131 0
100 132 -4
100 133 -1
100 134 0
100 135 -6
100 136 -2
100 137 -2
100 138 0
100 139 0
100 140 -1
100 141 -19
100 142 -1
100 143 0
100 144 0
100 145 -1
101 102 -1
101 103 -3
101 104 -1
101 105 -1
101 106 -2
101 107 0
101 108 0
101 109 -1
101 110 -1
101 111 -10
101 112 -1
101 113 -2
101 114 -3
101 115 0
101 116 -3
101 117 -1
101 118 -6
101 119 -7
101 120 -1
101 121 -2
101 122 -5
101 123 -3
101 124 -1
101 125 -1
101 126 -4
101 127 -3
101 128 -3
101 129 -2
101 130 -1
101 131 -5
101 132 -2
101 133 -15
101 134 -1
101 135 -11
101 136 -2
101 137 -14
101 138 -2
101 139 0
101 140 -2
101 141 -23
101 142 -12
101 143 -2
101 144 -1
101 145 -1
102 103 0
102 104 0
102 105 0
102 106 -1
102 107 0
102 108 0
102 109 0
102 110 0
102 111 -2
102 112 0
102 113 0
102 114 0
102 115 0
102 116 0
102 117 0
102 118 -1
102 119 -1
102 120 -2
102 121 0
102 122 0
102 123 0
102 124 0
102 125 0
102 126 -1
102 127 0
102 128 0
102 129 0
102 130 0
102 131 -1
102 132 -1
102 133 0
102 134 0
102 135 -1
102 136 0
102 137 -3
102 138 -1
102 139 0
102 140 0
102 141 -6
102 142 -2
102 143 0
102 144 0
102 145 0
103 104 -1
103 105 0
103 106 -1
103 107 0
103 108 0
103 109 -1
103 110 -2
103 111 -3
103 112 0
103 113 -1
103 114 -3
103 115 -1
103 116 -1
103 117 -1
103 118 -2
103 119 -4
103 120 -1
103 121 0
103 122 -1
103 123 0
103 124 0
103 125 0
103 126 -1
103 127 -1
103 128 -1
103 129 -2
103 130 -1
103 131 -1
103 132 -2
103 133 -4
103 134 -1
103 135 -3
103 136 -3
103 137 -3
103 138 -1
103 139 0
103 140 -2
103 141 -7
103 142 -1
103 143 0
103 144 0
103 145 0
104 105 0
104 106 -1
104 107 0
104 108 0
104 109 -1
104 110 -1
104 111 -1
104 112 0
104 113 -1
104 114 -1
104 115 0
104 116 0
104 117 -1
104 118 -1
104 119 -1
104 120 0
104 121 0
104 122 -1
104 123 0
104 124 0
104 125 0
104 126 0
104 127 -1
104 128 -1
104 129 0
104 130 -1
104 131 0
104 132 0
104 133 -1
104 134 -1
104 135 -1
104 136 0
104 137 -1
104 138 0
104 139 0
104 140 0
104 141 0
104 142 0
104 143 0
104 144 0
104 145 0
105 106 0
105 107 0
105 108 0
105 109 0
105 110 0
105 111 -2
105 112 0
105 113 -1
105 114 0
105 115 0
105 116 0
105 117 0
105 118 0
105 119 -1
105 120 0
105 121 0
105 122 0
105 123 -1
105 124 0
105 125 -1
105 126 -1
105 127 -1
105 128 -1
105 129 0
105 130 0
105 131 -1
105 132 0
105 133 -1
105 134 0
105 135 -1
105 136 -1
105 137 -1
105 138 0
105 139 0
105 140 0
105 141 -1
105 142 0
105 143 0
105 144 0
105 145 0
106 107 0
106 108 0
106 109 -1
106 110 -1
106 111 -3
106 112 0
106 113 -1
106 114 -1
106 115 0
106 116 0
106 117 -1
106 118 -5
106 119 -2
106 120 -1
106 121 0
106 122 -3
106 123 0
106 124 0
106 125 0
106 126 -7
106 127 -1
106 128 -1
106 129 -2
106 130 -1
106 131 -6
106 132 -5
106 133 -2
106 134 -1
106 135 -1
106 136 -1
106 137 -4
106 138 -2
106 139 0
106 140 0
106 141 -9
106 142 -3
106 143 0
106 144 0
106 145 0
107 108 0
107 109 0
107 110 0
107 111 0
107 112 0
107 113 0
107 114 0
107 115 0
107 116 0
107 117 0
107 118 0
107 119 0
107 120 0
107 121 -1
107 122 0
107 123 0
107 124 0
107 125 0
107 126 0
107 127 0
107 128 0
107 129 0
107 130 0
107 131 0
107 132 0
107 133 -1
107 134 0
107 135 0
107 136 -1
107 137 0
107 138 0
107 139 0
107 140 0
107 141 0
107 142 0
107 143 0
107 144 0
107 145 0
108 109 0
108 110 0
108 111 0
108 112 0
108 113 0
108 114 0
108 115 0
108 116 0
108 117 0
108 118 0
108 119 0
108 120 0
108 121 0
108 122 0
108 123 0
108 124 0
108 125 0
108 126 0
108 127 0
108 128 0
108 129 0
108 130 0
108 131 0
108 132 0
108 133 0
108 134 0
108 135 0
108 136 0
108 137 0
108 138 0
108 139 0
108 140 0
108 141 0
108 142 0
108 143 0
108 144 0
108 145 0
109 110 -1
109 111 -1
109 112 0
109 113 -1
109 114 -1
109 115 0
109 116 0
109 117 -1
109 118 -1
109 119 -1
109 120 0
109 121 0
109 122 -1
109 123 0
109 124 0
109 125 0
109 126 0
109 127 -1
109 128 -1
109 129 0
109 130 -1
109 131 0
109 132 0
109 133 -1
109 134 -1
109 135 -1
109 136 0
109 137 -1
109 138 0
109 139 0
109 140 0
109 141 0
109 142 0
109 143 0
109 144 0
109 145 0
110 111 -2
110 112 0
110 113 -2
110 114 -2
110 115 0
110 116 -2
110 117 -1
110 118 -1
110 119 -2
110 120 -2
110 121 0
110 122 -1
110 123 0
110 124 0
110 125 -2
110 126 -1
110 127 -2
110 128 -1
110 129 0
110 130 -1
110 131 -1
110 132 0
110 133 -2
110 134 -1
110 135 -3
110 136 0
110 137 -2
110 138 0
110 139 0
110 140 -1
110 141 -4
110 142 0
110 143 0
110 144 0
110 145 -1
111 112 -1
111 113 -4
111 114 -2
111 115 -1
111 116 -2
111 117 -1
111 118 -6
111 119 -11
111 120 -3
111 121 -2
111 122 -6
111 123 -1
111 124 0
111 125 -2
111 126 -7
111 127 -3
111 128 -3
111 129 -4
111 130 -1
111 131 -7
111 132 -6
111 133 -12
111 134 -1
111 135 -8
111 136 0
111 137 -9
111 138 0
111 139 0
111 140 -3
111 141 -28
111 142 -7
111 143 -1
111 144 -1
111 145 0
112 113 0
112 114 -1
112 115 0
112 116 -1
112 117 0
112 118 0
112 119 0
112 120 0
112 121 0
112 122 -1
112 123 0
112 124 0
112 125 0
112 126 0
112 127 0
112 128 0
112 129 -2
112 130 0
112 131 -1
112 132 0
112 133 -2
112 134 0
112 135 -1
112 136 0
112 137 -1
112 138 0
112 139 0
112 140 -1
112 141 -5
112 142 -1
112 143 0
112 144 0
112 145 -1
113 114 -3
113 115 0
113 116 -1
113 117 -1
113 118 -1
113 119 -5
113 120 -1
113 121 0
113 122 -1
113 123 -2
113 124 0
113 125 -4
113 126 -3
113 127 -3
113 128 -2
113 129 -3
113 130 -1
113 131 -3
113 132 -1
113 133 -4
113 134 -1
113 135 -3
113 136 0
113 137 -3
113 138 0
113 139 0
113 140 0
113 141 -6
113 142 0
113 143 0
113 144 0
113 145 -1
114 115 0
114 116 0
114 117 -1
114 118 -2
114 119 -6
114 120 -2
114 121 -1
114 122 -2
114 123 -1
114 124 0
114 125 -1
114 126 -1
114 127 -2
114 128 -1
114 129 -2
114 130 -1
114 131 -1
114 132 0
114 133 -7
114 134 -1
114 135 -4
114 136 -2
114 137 -4
114 138 -1
114 139 0
114 140 -1
114 141 -12
114 142 -1
114 143 0
114 144 0
114 145 -2
115 116 0
115 117 0
115 118 0
115 119 -1
115 120 0
115 121 0
115 122 0
115 123 0
115 124 0
115 125 0
115 126 -1
115 127 0
115 128 0
115 129 -1
115 130 0
115 131 -2
115 132 -1
115 133 -1
115 134 0
115 135 -2
115 136 0
115 137 0
115 138 0
115 139 -1
115 140 0
115 141 -2
115 142 0
115 143 0
115 144 0
115 145 0
116 117 0
116 118 -1
116 119 -2
116 120 -4
116 121 0
116 122 -2
116 123 0
116 124 0
116 125 0
116 126 0
116 127 0
116 128 0
116 129 -3
116 130 0
116 131 -2
116 132 -1
116 133 -4
116 134 0
116 135 -4
116 136 -1
116 137 -5
116 138 0
116 139 0
116 140 -1
116 141 -9
116 142 0
116 143 -2
116 144 -1
116 145 -3
117 118 -1
117 119 -1
117 120 0
117 121 0
117 122 -1
117 123 0
117 124 0
117 125 0
117 126 0
117 127 -1
117 128 -1
117 129 0
117 130 -1
117 131 0
117 132 0
117 133 -1
117 134 -1
117 135 -1
117 136 0
117 137 -1
117 138 0
117 139 0
117 140 0
117 141 0
117 142 0
117 143 0
117 144 0
117 145 0
118 119 -3
118 120 -1
118 121 0
118 122 -7
118 123 -1
118 124 0
118 125 0
118 126 -3
118 127 -1
118 128 -1
118 129 -1
118 130 -1
118 131 -4
118 132 -3
118 133 -5
118 134 -1
118 135 -2
118 136 -3
118 137 -8
118 138 -2
118 139 0
118 140 0
118 141 -15
118 142 -8
118 143 0
118 144 0
118 145 0
119 120 -5
119 121 -2
119 122 -3
119 123 -5
119 124 0
119 125 -3
119 126 -7
119 127 -3
119 128 -2
119 129 -8
119 130 -1
119 131 -5
119 132 -5
119 133 -15
119 134 -1
119 135 -12
119 136 -1
119 137 -9
119 138 -4
119 139 0
119 140 -1
119 141 -34
119 142 -3
119 143 -3
119 144 0
119 145 0
120 121 0
120 122 0
120 123 0
120 124 0
120 125 -1
120 126 -3
120 127 0
120 128 0
120 129 -5
120 130 0
120 131 -6
120 132 -4
120 133 -5
120 134 0
120 135 -3
120 136 0
120 137 -11
120 138 0
120 139 0
120 140 -1
120 141 -21
120 142 -2
120 143 -2
120 144 -1
120 145 -2
121 122 -1
121 123 0
121 124 0
121 125 0
121 126 -1
121 127 0
121 128 -3
121 129 -3
121 130 0
121 131 0
121 132 -1
121 133 -3
121 134 0
121 135 -2
121 136 -2
121 137 -2
121 138 0
121 139 0
121 140 -1
121 141 -7
121 142 -1
121 143 0
121 144 0
121 145 0
122 123 -3
122 124 -1
122 125 0
122 126 -2
122 127 -1
122 128 -1
122 129 0
122 130 -1
122 131 -3
122 132 -1
122 133 -7
122 134 -1
122 135 -4
122 136 -2
122 137 -6
122 138 -2
122 139 0
122 140 -2
122 141 -15
122 142 -8
122 143 -1
122 144 0
122 145 0
123 124 -1
123 125 -2
123 126 -2
123 127 -1
123 128 -1
123 129 -2
123 130 0
123 131 -1
123 132 -2
123 133 -3
123 134 0
123 135 -4
123 136 -2
123 137 0
123 138 0
123 139 0
123 140 -2
123 141 -9
123 142 -2
123 143 0
123 144 0
123 145 0
124 125 0
124 126 0
124 127 0
124 128 0
124 129 0
124 130 0
124 131 0
124 132 0
124 133 0
124 134 0
124 135 -1
124 136 0
124 137 0
124 138 0
124 139 0
124 140 -1
124 141 -1
124 142 0
124 143 0
124 144 0
124 145 0
125 126 -3
125 127 -2
125 128 -1
125 129 -1
125 130 0
125 131 -2
125 132 -1
125 133 -3
125 134 0
125 135 -3
125 136 0
125 137 -1
125 138 0
125 139 0
125 140 0
125 141 -5
125 142 0
125 143 0
125 144 0
125 145 0
126 127 -2
126 128 -2
126 129 -4
126 130 0
126 131 -10
126 132 -10
126 133 -6
126 134 0
126 135 -5
126 136 -1
126 137 -5
126 138 -4
126 139 0
126 140 -1
126 141 -18
126 142 -4
126 143 -1
126 144 0
126 145 -1
127 128 -2
127 129 0
127 130 -1
127 131 -2
127 132 0
127 133 -3
127 134 -1
127 135 -3
127 136 0
127 137 -1
127 138 0
127 139 0
127 140 0
127 141 -3
127 142 0
127 143 0
127 144 0
127 145 0
128 129 -1
128 130 -1
128 131 -1
128 132 -1
128 133 -3
128 134 -1
128 135 -3
128 136 -1
128 137 -1
128 138 0
128 139 0
128 140 0
128 141 -4
128 142 0
128 143 0
128 144 0
128 145 0
129 130 0
129 131 -7
129 132 -6
129 133 -5
129 134 0
129 135 -3
129 136 -1
129 137 -5
129 138 0
129 139 0
129 140 -1
129 141 -27
129 142 0
129 143 -1
129 144 0
129 145 -2
130 131 0
130 132 0
130 133 -1
130 134 -1
130 135 -1
130 136 0
130 137 -1
130 138 0
130 139 0
130 140 0
130 141 0
130 142 0
130 143 0
130 144 0
130 145 0
131 132 -9
131 133 -8
131 134 0
131 135 -6
131 136 -1
131 137 -9
131 138 -2
131 139 -1
131 140 0
131 141 -24
131 142 -5
131 143 0
131 144 0
131 145 0
132 133 -8
132 134 0
132 135 -6
132 136 -3
132 137 -6
132 138 -2
132 139 0
132 140 -1
132 141 -23
132 142 -4
132 143 -1
132 144 -1
132 145 -1
133 134 -1
133 135 -16
133 136 -6
133 137 -15
133 138 -3
133 139 -1
133 140 -3
133 141 -41
133 142 -14
133 143 -3
133 144 -1
133 145 -1
134 135 -1
134 136 0
134 137 -1
134 138 0
134 139 0
134 140 0
134 141 0
134 142 0
134 143 0
134 144 0
134 145 0
135 136 -4
135 137 -11
135 138 -2
135 139 -1
135 140 -4
135 141 -35
135 142 -4
135 143 -2
135 144 0
135 145 -2
136 137 -2
136 138 -1
136 139 0
136 140 -1
136 141 -10
136 142 -5
136 143 0
136 144 0
136 145 -1
137 138 -4
137 139 0
137 140 -4
137 141 -34
137 142 -13
137 143 -3
137 144 -1
137 145 -1
138 139 0
138 140 -1
138 141 -6
138 142 -3
138 143 -2
138 144 0
138 145 0
139 140 0
139 141 -1
139 142 0
139 143 0
139 144 0
139 145 0
140 141 -7
140 142 -1
140 143 0
140 144 0
140 145 0
141 142 -21
141 143 -3
141 144 0
141 145 -6
142 143 -1
142 144 0
142 145 0
143 144 -1
143 145 0
144 145 0
