141
141
133
141
141
141
133
141
141
141
141
141
141
141
141
141
141
141
141
141
141
141
141
141
141
141
141
141
141
141
141
141
141
141
141
141
141
141
141
141
141
141
141
141
141
141
141
141
141
141
141
141
141
141
141
141
141
141
141
141
141
141
141
141
141
141
67
141
141
141
141
141
141
141
141
141
141
141
141
141
141
133
141
141
141
141
141
141
141
141
141
141
141
141
141
141
141
141
141
141
141
141
141
67
141
141
133
141
67
141
141
141
141
141
141
141
67
141
141
141
141
141
141
141
141
141
141
141
141
67
141
141
133
67
141
141
141
141
141
141
141
141
67
67
141
